10001,375,746.2352242275376
10001,415,171.35396747537
10001,453,907.2679451239835
10001,454,410.47768693677585
10001,494,907.4751762345044
10001,886,541.2234183337754
10001,924,717.083157364878
10001,925,285.9165664594911
10001,964,856.4984804834364
10001,965,675.1463717161228
10002,5,827.2454245686549
10002,1055,764.6718855876255
10002,1093,660.3042962860575
10002,1094,413.0940665672068
10002,1133,589.3546787711327
10002,1134,543.5588095026501
10002,1172,750.9685786928692
10002,1173,904.0027024505495
10002,1486,750.9121870236966
10002,1487,785.3742368803796
10002,1526,378.28088632356145
10002,1527,695.2431377030537
10002,1565,368.8467617580985
10002,1566,818.0770563553125
10003,816,854.7911283404331
10003,854,801.3458649346118
10003,855,322.5280428257321
10003,894,742.4950911767395
10003,895,478.5860155955072
10003,1365,444.7521689018424
10003,1366,769.6382690380356
10003,1404,312.3060416990007
10003,1405,838.5859153212989
10003,1444,865.677473198079
10004,335,654.2122275796191
10004,374,105.83593282726689
10004,414,410.76510706437904
10004,453,867.0505843530733
10004,806,707.2825348202472
10004,807,897.1236674097598
10004,845,256.1792468257803
10004,846,808.3688294723561
10004,885,395.5974569389095
10005,10,686.6809887960299
10005,11,344.81635156941934
10005,49,580.8020717745779
10005,50,473.5328277789614
10005,89,456.6737216953811
10005,90,580.6141855749062
10005,128,326.18014507365206
10005,129,677.5625128383881
10005,168,279.41194580190165
10005,169,786.6082917142384
10005,207,440.39251944959415
10005,208,932.6969624088788
10005,247,737.0299668605718
10005,1453,805.3879426124092
10005,1492,478.4980339894991
10005,1531,898.4673892144202
10005,1532,242.56280768704727
10005,1570,785.6249927712124
10005,1571,216.10602730410278
10006,11,393.8606933160544
10006,49,869.0557129662145
10006,50,521.4356826704565
10006,89,733.101253487154
10006,90,608.6442591418108
10006,128,557.677885239441
10006,129,668.7540760829569
10006,168,348.8245001022642
10006,169,726.3657904560135
10006,207,201.2804088986566
10006,208,815.0282390080474
10006,247,399.4955396380945
10006,286,765.7756444287253
10006,1453,727.627036473242
10006,1492,385.1546733128564
10006,1493,823.5679401767778
10006,1532,150.84666860768644
10006,1533,850.0590282544563
10006,1571,228.92315273824698
10007,374,920.2447068332351
10007,375,427.4199555683325
10007,414,760.1301335002414
10007,415,314.7467270468174
10007,453,909.1507371025479
10007,454,798.6308785618453
10007,846,935.5385212841783
10007,885,606.4778571032534
10007,886,645.4484137713021
10007,924,405.97447113008565
10007,925,660.0126481916756
10007,964,832.2192619020627
10008,295,539.9727499518974
10008,296,751.7090183788803
10008,335,342.38493587964706
10008,336,763.0567574026134
10008,374,784.3312688863257
10008,844,510.1850749183157
10008,845,727.5052159962808
10008,884,360.17156218950925
10008,885,781.7913467133226
10008,923,917.4990344580491
10009,1014,551.1876703352938
10009,1053,751.9137076421625
10009,1054,254.6475029424905
10009,1092,728.7691034845295
10009,1093,520.1350890505861
10009,1132,847.182600903225
10009,1133,885.3128663190668
10009,1368,918.6465412113963
10009,1407,652.7088918404653
10009,1446,756.9034280618207
10009,1447,407.4734308649315
10009,1485,614.760494694557
10009,1486,433.635280096921
10009,1525,831.2593849545773
10009,1526,791.4986554842952
10010,92,715.8158957383366
10010,130,912.5182811664247
10010,131,546.5220578906087
10010,170,807.9352864144544
10010,171,463.93981564366817
10010,209,729.7656537456759
10010,210,462.43973718963383
10010,249,680.7527783971539
10010,250,518.5347004392712
10010,288,679.0359963658636
10010,289,615.495133509517
10010,328,751.4920276296316
10010,329,752.6427030041232
10010,367,913.5748429676306
10010,368,936.6702363543587
10011,294,798.3557355473425
10011,334,343.19102343396503
10011,335,744.9126592390592
10011,373,324.17620152260037
10011,374,869.0739146816226
10011,413,676.0930667158922
10011,727,718.7099867758888
10011,765,936.6323511199038
10011,766,345.9723669035771
10011,805,781.0406924683609
10011,806,272.0976375140772
10011,845,722.4968595766447
10012,11,189.52828282307252
10012,12,817.2278718628818
10012,50,168.1651815869936
10012,90,194.02751088895832
10012,128,838.6871963822368
10012,129,226.07733190543178
10012,168,715.0321932265783
10012,169,288.4361204991609
10012,207,646.1946345253259
10012,208,418.29701383661705
10012,247,709.1074529766851
10012,248,625.7292596441032
10012,286,929.6223836845844
10012,287,904.4210180992475
10012,1492,820.5493483701229
10012,1532,533.4668217590422
10012,1533,764.0230067027891
10012,1571,316.4078283367823
10012,1572,734.6783476169578
10013,935,489.07164198111144
10013,936,614.8879198510901
10013,975,502.5105670422469
10013,976,780.5749128595618
10013,1484,464.7953793688175
10013,1485,906.727793385961
10013,1524,214.75528227391953
10013,1525,935.1746599770864
10013,1563,856.2006103293711
10014,5,869.4301916588843
10014,1054,748.7170711319554
10014,1055,513.8951193487857
10014,1093,573.0125476526837
10014,1094,461.9948767774756
10014,1133,711.2512661879642
10014,1134,818.427974879431
10014,1486,646.1174153625645
10014,1526,193.54439319303603
10014,1565,319.294277803773
10015,317,787.952449240984
10015,356,727.8696586757795
10015,357,280.04177959875517
10015,395,866.4066684470806
10015,396,737.5236407635213
10015,943,643.0135380285307
10015,944,857.5409869788982
10015,983,255.213842795561
10015,984,789.5467203560418
10015,1022,857.6739332300893
10016,217,611.6903036133115
10016,256,732.3556833094428
10016,257,308.39624276759145
10016,296,905.9482255227102
10016,843,580.4264462739634
10016,883,138.48591478376002
10016,922,857.6125181674756
10017,935,325.89713351222184
10017,975,272.05949397258695
10017,1014,824.6492978889551
10017,1445,739.9116517532459
10017,1446,840.9339427743436
10017,1484,294.9464085847133
10017,1485,714.892457846699
10017,1524,592.2004609721909
10018,857,650.8713267181665
10018,897,191.40970205808836
10018,898,866.1416865076802
10018,936,830.153182465081
10018,1523,285.42615125043716
10018,1562,459.59175715521224
10019,216,881.2992071467454
10019,217,649.9715196467301
10019,256,603.533421400085
10019,257,436.05517230990097
10019,295,923.6170917007901
10019,843,453.8885859184165
10019,883,270.83853168731525
10020,95,712.2795322927121
10020,96,474.5305104161794
10020,134,609.8810631550798
10020,135,541.6526724182733
10020,174,909.8337625194314
10020,605,693.1106051300546
10020,644,792.3511079719503
10020,645,258.0663627414993
10020,683,840.900870545525
10020,684,567.7682563342026
10021,294,841.2458810812151
10021,295,895.5285718804715
10021,334,427.70287689308833
10021,335,633.5269244025499
10021,373,416.2495923086085
10021,374,781.2804922980521
10021,413,731.186088143938
10021,727,829.5680970165386
10021,766,450.0837603085141
10021,805,764.7691545098386
10021,806,240.09979552482784
10021,844,880.2921368586038
10021,845,630.7313278590237
10022,100,674.8298538429775
10022,139,249.94539477451858
10022,140,846.5866211015738
10022,880,687.7836398648118
10022,881,650.3212213482242
10022,920,677.9969359688857
10022,959,552.9192724997896
10023,375,535.9718715543627
10023,414,795.896704975694
10023,415,212.58059686977865
10023,453,872.897625272922
10023,454,663.371083642823
10023,846,911.8102627885577
10023,885,732.4112994448171
10023,886,567.4929385619469
10023,924,510.7188509973992
10023,925,525.1176877814264
10023,964,836.4324107834868
10023,965,919.3523061387224
10024,217,629.0392608914714
10024,256,700.3734799349942
10024,257,333.1122474854035
10024,296,910.3035911155595
10024,843,555.2201036838728
10024,883,170.4764408827059
10024,922,885.4222446190449
10025,5,901.851381256836
10025,6,916.0570329004563
10025,1093,851.2505664872019
10025,1094,570.4543088291063
10025,1133,624.1894145144979
10025,1134,377.73590130778786
10025,1172,627.0401262933638
10025,1173,624.6223427956705
10025,1212,779.6893757069672
10025,1448,827.9217896923957
10025,1487,581.1310524620803
10025,1526,657.5937574186768
10025,1527,403.7905181098092
10025,1565,601.3303628203123
10025,1566,534.4779799367107
10026,13,486.0425709040418
10026,52,806.2923163906868
10026,327,760.8520247155393
10026,366,361.0678325176247
10026,367,939.5708088420042
10026,406,98.45262259110574
10026,445,597.0695935707057
10026,1534,563.0034458277697
10026,1535,769.5563647168025
10026,1573,282.84182449795264
10026,1574,723.2005975676972
10027,95,566.2740169387919
10027,96,658.5650550705836
10027,134,413.46889889461454
10027,135,692.2134539059631
10027,174,774.099443223954
10027,605,491.248892310717
10027,644,827.910616655415
10027,645,188.96528060516152
10027,684,713.7684751547802
10028,5,821.1152128230842
10028,1054,889.2235001946345
10028,1055,652.96338213749
10028,1093,613.8041780492938
10028,1094,394.44588399344536
10028,1133,627.1566852106791
10028,1134,641.833988439535
10028,1172,837.2888657344272
10028,1486,700.3275929906024
10028,1487,893.5675807742879
10028,1526,280.4767498687912
10028,1527,823.468446908356
10028,1565,303.65957367957094
10029,256,898.0635093764447
10029,294,920.7046030719566
10029,295,300.2268882627986
10029,334,830.4562030176417
10029,335,373.60275354300757
10029,374,897.8353600725782
10029,805,562.2266831932568
10029,806,771.0890266761204
10029,844,279.3654751039786
10029,845,766.6029281154819
10029,884,761.821734830765
10030,815,864.8737390558357
10030,854,333.0344542868249
10030,855,831.5982263677256
10030,894,274.5169125652918
10030,895,927.9148057118456
10030,933,703.0530851385582
10030,1286,906.2880692055742
10030,1287,846.8885496635804
10030,1325,484.43819528354146
10030,1326,661.3105528641519
10030,1365,379.55347686112503
10030,1366,744.2544835790294
10030,1404,834.7544328866456
10031,257,641.7424741535564
10031,295,880.6751202748424
10031,296,131.19702321368644
10031,336,747.372203813014
10031,844,870.6662289396539
10031,883,800.0547513800769
10031,884,326.4541605920973
10031,922,813.3438908066267
10031,923,563.1458137993557
10032,101,399.8198718979052
10032,102,931.9671791854581
10032,140,420.04455121899355
10032,959,414.5119101827562
10032,998,937.3781767523785
10032,999,405.3221575502204
10033,11,38.677678920126844
10033,49,896.9974553712938
10033,50,117.3612975207892
10033,89,789.18017832936
10033,90,224.41796224366607
10033,128,680.9200430941943
10033,129,321.3613946336123
10033,168,603.7396326526787
10033,169,437.25578982666383
10033,207,621.7639973299354
10033,208,598.612840125725
10033,247,781.8581805005366
10033,248,819.5789847337552
10033,1492,754.4098328132457
10033,1532,458.9993611975311
10033,1571,218.4290850984347
10033,1572,937.8902293838046
10034,11,25.93062905936972
10034,49,877.7610623079379
10034,50,165.54589422129217
10034,89,764.7120901006716
10034,90,269.9264374735072
10034,128,646.42344699959
10034,129,360.18377408833635
10034,168,555.2085871766022
10034,169,466.5751723646119
10034,207,564.4296126108271
10034,208,618.1979277229708
10034,247,729.1763738108338
10034,248,831.5850861000512
10034,1492,699.8181789397969
10034,1532,403.91218271155554
10034,1533,934.1070009386655
10034,1571,162.76759182830946
10034,1572,937.6780692286371
10035,315,671.540288852161
10035,355,84.8954497330707
10035,394,477.5382595502455
10035,826,650.9810344665816
10035,864,635.4753195164889
10035,865,377.70336622264807
10035,904,733.8770473802182
10035,905,671.0027109366622
10036,215,858.701028996642
10036,216,585.6798875016005
10036,255,623.8726374599037
10036,256,415.32337890324885
10036,294,866.2858380276879
10036,295,901.4805938869271
10036,764,831.8395037589761
10036,765,871.8807671667666
10036,804,345.983383355596
10036,805,676.6354387486263
10036,843,602.7373563153517
10036,844,932.3106955503483
10037,11,787.1281863556018
10037,12,811.8697794077464
10037,50,820.9588200685466
10037,90,829.2738799952949
10037,129,801.2238383218104
10037,169,741.0135647894591
10037,207,703.9943751719223
10037,208,672.1888388794948
10037,247,427.2581145956337
10037,248,648.6035268834883
10037,286,323.24675319274445
10037,287,741.3926374376338
10037,326,619.278758768838
10037,1454,716.9062637225583
10037,1492,910.886498773172
10037,1493,308.0002110006117
10037,1532,781.4071841246348
10037,1533,244.4073778571024
10037,1571,757.1100792680493
10037,1572,533.9572648622097
10038,137,921.192973579651
10038,138,393.938079730521
10038,177,842.5789645066686
10038,178,473.3911905308381
10038,803,917.6628506885287
10038,841,505.6506314055051
10038,842,512.6979853109123
10038,881,793.4444561359973
10038,882,905.4141817802059
10039,335,744.5546640938816
10039,336,804.7265030506745
10039,374,376.4276398652333
10039,375,624.0736840391629
10039,414,572.8169245052021
10039,415,909.8607037316799
10039,845,512.5338509025594
10039,885,80.52945729731358
10039,924,636.5359532063653
10040,976,722.4472952604541
10040,1014,652.2667263207444
10040,1015,356.790587509043
10040,1054,717.9552960225903
10040,1055,679.6112224258993
10040,1485,790.3646882493766
10040,1525,254.6688879328656
10040,1526,894.715921941188
10040,1564,364.9872246652036
10041,96,293.03497464501964
10041,97,914.4836314905391
10041,135,368.9421030519376
10041,645,670.946689410221
10041,683,605.3526874723754
10041,684,397.79607599215035
10041,723,843.9037004283786
10041,724,813.0311254238218
10042,218,637.6651932950361
10042,257,844.6448643530973
10042,258,210.40858659918305
10042,297,917.4629546476598
10042,921,775.829514893413
10042,922,350.74452015022814
10042,961,833.0633999543693
10042,962,639.0465356087847
10043,1054,647.3156455832084
10043,1093,191.94347741268652
10043,1094,938.8196943123193
10043,1133,221.33846560753716
10043,1172,571.5558122471673
10043,1212,867.409454718266
10043,1369,931.9354867856453
10043,1407,896.314063220198
10043,1408,831.1617625931777
10043,1447,575.6737637904351
10043,1448,744.9868452278661
10043,1486,269.39806877469476
10043,1487,745.9211133196071
10043,1526,390.8785441041024
10043,1527,899.7076709126455
10043,1565,839.4945075022907
10044,893,763.4011921893546
10044,894,833.1093146103728
10044,932,456.429659728607
10044,933,656.1951869433688
10044,972,306.65302309877245
10044,973,709.6034956034415
10044,1011,368.0946695773206
10044,1012,893.2331103111836
10044,1051,496.3144056034616
10044,1090,602.9196053909567
10044,1129,891.1688410609647
10044,1130,671.726957697668
10044,1168,711.5755393713539
10044,1169,709.213656753312
10044,1208,487.34862433926975
10044,1209,736.2803031888852
10044,1247,241.9204430576148
10044,1248,787.5283931650397
10044,1287,249.67807156410876
10044,1288,902.224828977781
10044,1326,598.6366017201561
10045,3,586.3342168900163
10045,4,440.3297720751616
10045,976,773.1540406237484
10045,977,523.6877530186752
10045,1015,625.4923730234567
10045,1016,514.6165135028008
10045,1563,882.1083155891837
10045,1564,627.9630423635957
10046,206,635.1580160965441
10046,207,860.1883753329743
10046,246,232.42794682279228
10046,247,816.7874574121747
10046,285,369.16405058340825
10046,325,889.9161573341202
10046,1374,840.9442111252474
10046,1375,693.097853644089
10046,1413,547.6263423802595
10046,1414,463.3825529160344
10046,1453,564.2916892077225
10046,1454,685.5375541901726
10046,1492,790.345390672709
10047,11,135.38342938256702
10047,49,899.7814325024895
10047,50,257.57093043259454
10047,89,776.7582646556131
10047,90,348.0647151015629
10047,128,636.0525218203294
10047,129,418.9008335200271
10047,168,503.1181588644349
10047,169,499.74857350232566
10047,207,462.1877914812898
10047,208,625.1454415608525
10047,247,609.3906628801452
10047,248,817.9417171274787
10047,286,909.5040267552284
10047,1492,618.1978422550962
10047,1532,325.37768642389466
10047,1533,853.9735709847782
10047,1571,107.80976068098366
10047,1572,897.4216650510796
10048,215,601.6566024594201
10048,216,682.7683192294635
10048,255,414.23666984411443
10048,256,683.7492530165347
10048,294,813.121849181379
10048,764,573.148647896425
10048,765,770.8785541401201
10048,804,303.51986790844035
10048,805,764.7119218321799
10048,843,833.2641443362767
10049,256,483.4082230831207
10049,295,156.8358224542336
10049,335,748.9921124460836
10049,805,525.08474845416
10049,843,832.5974442513285
10049,844,188.53821909329747
10049,884,757.5827382778738
10050,11,343.7355014317877
10050,12,704.2205222240725
10050,50,327.34446457694963
10050,51,860.6618839377621
10050,90,321.28168062480495
10050,129,300.5359607818672
10050,168,795.6049872786848
10050,169,283.95800528025853
10050,207,665.809723517855
10050,208,337.3612444090531
10050,247,644.1245010476304
10050,248,504.55852367319585
10050,286,804.036489521542
10050,287,767.2796889757086
10050,1492,862.8681328262101
10050,1493,810.7485469329475
10050,1532,599.0748279651294
10050,1533,601.805935836366
10050,1571,423.63913683826974
10050,1572,584.6849067025433
10051,145,914.3581941964777
10051,185,398.47498191800264
10051,186,801.20735690293
10051,224,303.8950947816749
10051,225,886.9950968238726
10051,264,886.1437682723057
10051,1236,802.614830411581
10051,1274,799.6084821024469
10051,1275,282.29486940116567
10051,1314,770.2661345977339
10051,1315,508.32728147376673
10052,11,647.1338062862549
10052,12,519.8514714292373
10052,50,623.403882615773
10052,51,733.006172645444
10052,90,592.4760920663824
10052,91,909.3022537972989
10052,129,532.230720440602
10052,169,438.27382304722966
10052,207,831.761485659227
10052,208,336.5246780901102
10052,247,672.2223962565258
10052,248,330.8073550563277
10052,286,662.2659610375764
10052,287,516.1174819222542
10052,326,875.1633837323909
10052,327,829.2317052666106
10052,1493,636.1634875458271
10052,1532,827.2947365474125
10052,1533,322.8238165544095
10052,1571,701.5590059392299
10052,1572,308.8020438392724
10053,295,428.8788379903925
10053,296,686.4394946529833
10053,335,448.5195170994765
10053,336,839.5257089455313
10053,374,936.3867024007342
10053,844,402.7606727354954
10053,845,868.2902924604591
10053,884,287.6684170037055
10053,885,940.3368644930359
10053,923,928.8874713120905
10054,295,431.32511399511594
10054,296,811.8074757481463
10054,335,310.2257487365624
10054,336,876.9591220661097
10054,374,815.4775529668018
10054,805,927.532395974291
10054,844,400.752346439823
10054,845,737.9023370694586
10054,884,411.588836080343
10054,885,865.0168830762441
10055,1013,550.066068404124
10055,1014,892.4586334620908
10055,1053,194.3595131510128
10055,1054,823.650615137677
10055,1092,285.1463749286889
10055,1132,561.256917325054
10055,1171,797.8961202216041
10055,1289,828.451218569734
10055,1328,673.7580345368741
10055,1367,863.8007661470277
10055,1368,501.03843909498966
10055,1406,626.7270617734795
10055,1407,405.3105436621102
10055,1446,584.3032237701764
10055,1447,548.4835001949515
10055,1485,848.9714940290785
10055,1486,884.2052728068068
10056,295,696.487475268773
10056,334,830.4842139486466
10056,335,209.81639123276184
10056,373,815.7801811918537
10056,374,504.29886047747357
10056,766,869.309268586
10056,805,876.5423169035619
10056,806,468.02852583592227
10056,844,669.785034789695
10056,845,360.7522056016952
10056,884,907.8157114631287
10056,885,800.2484519353943
10057,1014,826.8262292800684
10057,1054,326.17977777783614
10057,1092,923.5482933267662
10057,1093,143.099377206826
10057,1132,921.2165373600117
10057,1133,538.3877549427881
10057,1172,885.6013098080541
10057,1407,766.636487446863
10057,1447,419.5582576400615
10057,1485,932.7331280400413
10057,1486,74.42851825502376
10057,1526,455.5329607444616
10058,855,632.0816416625709
10058,895,128.187876810655
10058,896,871.6017088944342
10058,934,554.2895852635111
10058,1366,785.3829792858505
10058,1404,600.4867786082499
10058,1405,480.6421218340041
10058,1444,609.0227352732346
10058,1445,655.0570772119149
10059,256,933.5641562024738
10059,295,302.65779506110766
10059,296,917.3420095427444
10059,335,318.8573782327043
10059,374,867.2444755611568
10059,805,774.3621066900852
10059,806,914.9825885324836
10059,844,270.9696333943375
10059,845,766.0914400964027
10059,884,521.4585533181668
10060,816,821.3206852717436
10060,855,202.67994323729616
10060,894,916.6250458483632
10060,895,418.48902914551195
10060,1365,577.3666028586963
10060,1366,872.6754881720607
10060,1404,179.06970201703544
10060,1405,838.8834739663027
10060,1444,689.4846983650303
10061,334,801.9843978091922
10061,335,519.2112642734522
10061,373,607.5926889979852
10061,374,411.9452417083071
10061,413,715.209562621415
10061,414,764.2003206327148
10061,766,684.2272418615183
10061,806,230.13116243773703
10061,845,274.42755694262473
10061,885,824.8921511555325
10062,335,875.2961069297498
10062,336,665.6676380677496
10062,374,582.6747863325181
10062,375,418.8255642316693
10062,414,726.7966939042985
10062,415,790.0667780058074
10062,845,711.3255441148644
10062,885,161.40345614876165
10062,924,433.7325790312179
10063,335,863.1522661460862
10063,373,577.6018611787252
10063,374,541.4532528420152
10063,413,462.62568508529284
10063,414,610.7146045860569
10063,452,631.0017067263386
10063,453,919.328466761781
10063,492,871.7165402688981
10063,728,849.6969198139275
10063,766,669.4791415397586
10063,767,684.0237683957816
10063,806,366.52964250038633
10063,807,643.3561148484838
10063,845,491.40884556322214
10063,846,829.5897835605762
10064,216,913.4102176925683
10064,256,255.95099207805163
10064,257,882.8784530534249
10064,295,423.7296894456921
10064,804,925.6829994832531
10064,805,709.9505240243625
10064,843,551.3421053897986
10064,844,452.18499258338994
10064,883,802.7550929278498
10064,884,838.8242445006709
10065,216,870.0704752213077
10065,217,634.2001000141724
10065,256,607.20371926163
10065,257,442.9709452285399
10065,295,938.3192206428264
10065,843,445.5851929792884
10065,883,271.46646596322955
10066,11,924.7848311419394
10066,12,197.30849120573282
10066,50,858.0331855447289
10066,51,437.7932802984627
10066,90,789.5006111901125
10066,91,625.292624317536
10066,129,695.8025980420638
10066,130,764.3824121959424
10066,169,561.6448305435568
10066,170,864.1816010369768
10066,208,378.56584509534105
10066,209,939.8052907516914
10066,248,147.14210551234106
10066,286,908.5652518062952
10066,287,170.11360028534654
10066,327,513.2662902962531
10066,366,914.9710662341478
10066,1493,853.2511933179188
10066,1533,450.24817193235936
10066,1572,100.78624429395727
10067,295,569.6622537113459
10067,296,603.3983086484177
10067,335,491.69926720260617
10067,336,698.5940404289398
10067,374,913.2538171858855
10067,844,543.8652588693335
10067,845,867.8564183685413
10067,884,210.81325254865303
10067,885,856.3332320353085
10067,923,800.0404138249595
10068,106,698.0326990517557
10068,107,861.7661569406932
10068,145,262.31490749804277
10068,146,778.6445587295227
10068,185,421.4237068311126
10068,1235,674.1553008464598
10068,1274,130.24281725386484
10068,1275,936.386030755917
10068,1314,387.32459579818044
10068,1353,840.0504299883598
10069,16,429.17754329551326
10069,564,623.1724624163168
10069,602,938.8355941958657
10069,603,78.26065533414149
10069,643,760.5086494565785
10069,1576,368.0086730006317
10069,1577,799.6450810101769
10070,357,273.6727831501966
10070,396,431.5143842353266
10070,983,434.1729869603192
10070,984,629.0835497668008
10070,1022,605.4538999348898
10070,1023,871.8269509010468
10071,158,497.7266415787249
10071,159,937.4666090435965
10071,198,322.15019286219086
10071,861,649.7561592188916
10071,862,643.2901605769831
10071,901,535.7335243803024
10071,902,698.3666751698182
10072,5,864.4164023402193
10072,1054,775.6532570313185
10072,1055,559.1465906651107
10072,1093,564.5429001633954
10072,1094,447.24899545747485
10072,1133,671.2724273496644
10072,1134,773.9726172992799
10072,1172,925.6203290878941
10072,1486,642.5576729723225
10072,1526,189.6300103117566
10072,1565,315.1839177330493
10073,100,549.5187152879624
10073,138,895.4421430113383
10073,139,284.8200060641309
10073,880,559.6711860579801
10073,881,475.1394222573702
10073,920,871.3764007049201
10073,959,803.6406894160333
10074,42,705.4401905352645
10074,43,576.2080100652914
10074,82,581.7955890346452
10074,83,616.3206212880383
10074,978,750.9658521032457
10074,1016,736.2720292115894
10074,1017,263.38857415247384
10074,1057,815.2749913915915
10075,207,699.6731996628598
10075,246,733.4036107940383
10075,247,461.0963326060954
10075,285,564.8654883581692
10075,286,466.53606840810227
10075,325,781.4723203029035
10075,326,800.1858120357332
10075,1414,497.93686702625325
10075,1453,768.2916289317559
10075,1454,232.3775205742796
10075,1492,766.5155354737642
10075,1493,549.9225152621398
10075,1532,895.3314177211604
10075,1533,924.6227009798989
10076,895,937.390191911087
10076,934,388.26952024624654
10076,974,124.73909481041758
10076,1013,575.0088763361931
10076,1327,894.098729441454
10076,1366,806.5508463012902
10076,1367,630.1659853767906
10076,1405,501.1989086616952
10076,1406,511.51134566079634
10076,1445,594.8213913110044
10076,1446,729.6119027593454
10077,15,554.4038139461725
10077,16,833.0031536022344
10077,524,428.2069166469673
10077,564,212.06498305228658
10077,603,878.391945478477
10077,1575,449.23735284479994
10077,1576,598.9236119918303
10078,524,771.4616736270369
10078,563,547.4074761293681
10078,564,459.2200390351994
10078,602,801.6869212846988
10078,603,848.2094242067488
10078,1536,904.0393997648277
10078,1537,434.5901379053859
10078,1575,771.2143674876132
10078,1576,406.1268505252767
10079,247,804.2516294517986
10079,248,872.971838150853
10079,286,430.6898566708111
10079,287,785.837856091357
10079,326,197.36381373492705
10079,327,836.2997330195828
10079,365,586.8701779153271
10079,1454,706.3946454129793
10079,1455,847.9512024178433
10079,1493,339.47317040402186
10079,1494,687.0620953834338
10079,1533,376.17015392646886
10079,1534,851.5673562011407
10079,1572,666.1731239783714
10080,294,936.3531605354455
10080,334,498.1516868735587
10080,335,644.1713537280999
10080,373,380.3971072417789
10080,374,714.799004813341
10080,413,650.9826056426174
10080,727,829.8653384556358
10080,766,433.44101092712594
10080,805,866.8435390183233
10080,806,137.21385481645436
10080,845,569.8020701819746
10081,11,387.27485523027286
10081,12,745.9025707202647
10081,50,249.06401879669414
10081,51,792.372271287626
10081,90,143.40637435535083
10081,91,876.263753680617
10081,129,91.92608722708549
10081,169,185.6011932363038
10081,208,364.2583171712622
10081,248,600.4621930848872
10081,287,891.7214950187921
10081,1532,809.486722528587
10081,1533,933.9210764315154
10081,1571,571.2713180442515
10081,1572,782.1746031576085
10082,523,410.3200001462063
10082,562,840.580830639538
10082,563,385.5966302000747
10082,1496,743.9127593828603
10082,1497,422.89137257560833
10082,1536,716.0474834138744
10082,1537,593.6799034207612
10083,815,891.785720841388
10083,854,377.7599421984476
10083,855,767.9779278949682
10083,894,312.9567452958902
10083,895,866.5800401329768
10083,933,716.399062577229
10083,1287,894.059060507542
10083,1325,532.0648919045184
10083,1326,682.5005670156489
10083,1365,345.0299901879724
10083,1366,722.5505891561302
10083,1404,770.3867250327069
10084,81,403.68714527702707
10084,120,418.77667947470377
10084,939,224.2135282774939
10084,979,576.1777291459821
10085,893,704.8542537429925
10085,894,603.6681620453492
10085,932,489.0374747985879
10085,933,513.2137220950522
10085,972,478.5233365996445
10085,973,700.1654081883596
10085,1011,597.9210482658896
10085,1051,731.423457153217
10085,1090,834.3665512388932
10085,1130,896.8453486439381
10085,1168,847.2389776934679
10085,1169,923.8147336418161
10085,1208,609.4786520673823
10085,1209,931.9277068431098
10085,1247,316.2520271226417
10085,1287,34.058137352331556
10085,1326,435.51008014244775
10085,1366,889.0203101877923
10086,11,474.9755467315523
10086,12,675.8603403909442
10086,50,477.32079531733507
10086,51,865.2353257950624
10086,90,473.18363610740664
10086,129,443.0228548095243
10086,168,841.7962823157073
10086,169,395.56850192428277
10086,207,661.0816395399166
10086,208,380.06263751999256
10086,247,560.3856828295019
10086,248,475.4739158725706
10086,286,664.1006794286242
10086,287,699.3990576176317
10086,1492,870.9844372932399
10086,1493,664.3621367111331
10086,1532,640.2302860344643
10086,1533,455.5850658595782
10086,1571,512.565386328456
10086,1572,497.41069559753214
10087,11,586.7616996608602
10087,12,497.2024329795651
10087,50,465.2698076832378
10087,51,541.1421287795939
10087,90,363.1833785819693
10087,91,641.5177200435908
10087,129,258.136663323939
10087,130,749.0728636045287
10087,169,152.3306420412137
10087,170,851.4359301759463
10087,208,174.61220809471436
10087,248,376.77550328369307
10087,287,657.5689118397046
10087,1533,809.6290515545746
10087,1571,751.1526530870499
10087,1572,583.074318490641
10088,256,824.9947403306437
10088,294,593.4060428257762
10088,295,449.5829723440827
10088,334,609.3112681509755
10088,335,670.9450302022594
10088,373,930.0529385512841
10088,765,740.0513010755866
10088,766,921.0630908270925
10088,805,251.52526191499285
10088,806,803.0931636732895
10088,844,452.79603634779477
10089,1093,695.5737372406352
10089,1094,920.1188701975665
10089,1133,324.42308816232844
10089,1134,767.0110118698975
10089,1172,228.0314326428283
10089,1173,858.4471977307475
10089,1212,453.7653129708082
10089,1251,680.9460279755054
10089,1291,862.1270260757404
10089,1369,821.1314866513329
10089,1408,649.7099039572925
10089,1448,441.6923931838326
10089,1486,771.6035507989889
10089,1487,276.0260950568094
10089,1526,704.4095358328775
10089,1527,411.64456244000485
10089,1565,900.5742200369787
10089,1566,770.4279813618801
10090,816,899.0038033625918
10090,854,873.9506883325129
10090,855,323.1498281040078
10090,894,783.3642656961773
10090,895,401.85006831391587
10090,934,911.5138148354566
10090,1365,523.1335825530201
10090,1366,748.218393617633
10090,1404,305.853075800867
10090,1405,775.7733007531285
10090,1444,810.4315085824195
10091,444,827.0301118891698
10091,445,594.6861514950041
10091,484,554.4955999930302
10091,485,463.6725709144348
10091,523,857.4012772060803
10091,524,885.1474570923677
10091,1495,857.8945710368031
10091,1496,860.3841777981684
10091,1535,431.4666588325186
10091,1536,579.8244504803143
10091,1574,586.528449300329
10091,1575,857.9618761079171
10092,295,874.1413860207399
10092,334,838.5981197220798
10092,335,357.64541737427015
10092,373,725.755826276886
10092,374,388.85444283345885
10092,413,873.0139528777261
10092,414,829.0379508195078
10092,766,793.001021857313
10092,806,350.5774464583589
10092,844,847.8704933951836
10092,845,233.61288567875187
10092,885,756.6815560205417
10093,90,936.524022489272
10093,91,863.7999788913882
10093,129,898.0973843109275
10093,130,834.683410496688
10093,169,909.8541692784268
10093,170,860.798057291838
10093,209,938.2307701761383
10094,317,422.0537987461953
10094,318,611.9137196636665
10094,357,680.3211324452941
10094,358,940.5910295295907
10094,982,569.2801013737576
10094,983,618.8054498524386
10094,1021,565.7016032830462
10094,1022,762.5691100403859
10095,216,932.0193913452223
10095,217,659.767001685931
10095,256,638.1817776724799
10095,257,387.5833766438313
10095,295,923.2121993899631
10095,296,928.7695469529373
10095,843,504.0779756025369
10095,883,232.74576697304568
10096,12,367.67924926004224
10096,51,149.56517811522997
10096,90,876.3575325616738
10096,91,125.14405128836009
10096,129,773.2830367217925
10096,130,244.1554206801312
10096,169,662.4239983640527
10096,170,351.1824741337125
10096,208,552.6200532408253
10096,209,449.85831528105825
10096,248,488.43699224686566
10096,249,564.8198205325343
10096,287,550.211462839666
10096,288,721.725210187833
10096,327,762.7894185653141
10096,328,936.994328640323
10096,1572,656.2765441921335
10097,975,649.7462406983693
10097,1013,907.3751921076032
10097,1014,149.29217239120098
10097,1053,867.2105356534895
10097,1054,427.70881928249236
10097,1093,870.3165666447442
10097,1446,565.393349471685
10097,1447,816.4054302800089
10097,1485,203.4258801593143
10097,1486,799.4836005873834
10097,1525,548.7484497139702
10098,1054,478.7583796430254
10098,1055,733.0889367399616
10098,1093,291.31774451085755
10098,1094,761.8225818377632
10098,1133,568.3854544461276
10098,1172,898.4692475470064
10098,1447,750.8835423563653
10098,1486,350.43486955578214
10098,1525,917.2701344276519
10098,1526,132.94921598217618
10098,1565,624.143239270989
10099,11,420.8624594230774
10099,12,728.3818899575663
10099,50,434.9024032851185
10099,51,910.437309302354
10099,90,442.407993641591
10099,129,425.43812771611044
10099,168,782.3265044728747
10099,169,397.5114737685653
10099,207,610.0184358173125
10099,208,409.8659586105083
10099,247,536.6984842565683
10099,248,527.0409405495736
10099,286,679.306012519348
10099,287,758.7754576173982
10099,1492,817.8225652417012
10099,1493,687.575982924
10099,1532,580.8584273637676
10099,1533,508.20013080965356
10099,1571,451.1270114552076
10099,1572,558.4133377279427
10100,294,827.161048288028
10100,295,625.8832567296179
10100,334,566.9235105992806
10100,335,436.27633751102536
10100,373,687.4960543456896
10100,374,776.5215114168362
10100,766,712.9140171736003
10100,805,613.2195281253154
10100,806,454.0428088502636
10100,844,609.266766681446
10100,845,623.2166930459586