0,0,0,-0.07938015837909068,-100.18546746274632,550.0
1,0,1,7.1123809968927665,-94.72660952334289,550.0
2,0,2,14.239714131652336,-89.09300802421383,550.0
3,0,3,21.2274373460032,-83.09375234786815,550.0
4,0,4,27.982837652151606,-76.50609636509338,550.0
5,0,5,34.383339621478854,-69.06084866032099,550.0
6,0,6,40.26034515696506,-60.43746162561309,550.0
7,0,7,45.38097895885864,-50.292007915502865,550.0
8,0,8,49.43809425037329,-38.364356360355806,550.0
9,0,9,52.0752781002394,-24.706033907270477,550.0
10,0,10,52.98067090114337,-9.934949841211365,550.0
11,0,11,52.02915041767972,4.815835329521291,550.0
12,0,12,49.355196244416845,18.423485889814764,550.0
13,0,13,45.27538081919566,30.289918459431004,550.0
14,0,14,40.146110243096594,40.37787222201347,550.0
15,0,15,34.272294405952785,48.952860536262655,550.0
16,0,16,27.88416190921243,56.358872219347916,550.0
17,0,17,21.147956142179055,62.914614143225805,550.0
18,0,18,14.184215429551399,68.88715011953839,550.0
19,0,19,7.083916610413562,74.4972762584901,550.0
20,0,20,-0.07933461489114844,79.93421612084697,550.0
21,0,21,-7.239924534359,85.37153847379737,550.0
22,0,22,-14.332342595855112,90.98277793358379,550.0
23,0,23,-21.28319388774531,96.95688485340548,550.0
24,0,24,-28.001917785598035,103.51405087172532,550.0
25,0,25,-34.36861714872289,110.92012744160769,550.0
26,0,26,-40.21818922940774,119.49168700089353,550.0
27,0,27,-45.32219835086151,129.5690437249787,550.0
28,0,28,-49.378743321580465,141.41301521750938,550.0
29,0,29,-52.03562543701289,154.98305747557228,550.0
30,0,30,-52.98067431623795,169.68445226775611,550.0
31,0,31,-52.08143210068158,-175.59406854143455,550.0
32,0,32,-49.46111198787623,-161.97378341183702,550.0
33,0,33,-45.42721592444504,-150.06899591493658,550.0
34,0,34,-40.3319016338047,-139.9344022056067,550.0
35,0,35,-34.479273043466264,-131.31459419002385,550.0
36,0,36,-28.10033398134875,-123.86933282487313,550.0
37,0,37,-21.362564100995442,-117.28027665331851,550.0
38,0,38,-14.38784129795605,-111.2794568636529,550.0
39,0,39,-7.268460210937667,-105.64472838331079,550.0
40,1,0,3.5202679722803474,-88.46675480940453,550.0
41,1,1,10.688510951960533,-82.94302373326431,550.0
42,1,2,17.756283983383945,-77.15207516622569,550.0
43,1,3,24.64096611014235,-70.88907173507997,550.0
44,1,4,31.23669196142149,-63.9095814599999,550.0
45,1,5,37.40012489484677,-55.9180962065449,550.0
46,1,6,42.93269765086757,-46.575268271086635,550.0
47,1,7,47.56430356856657,-35.558483913463306,550.0
48,1,8,50.95634285002957,-22.728105038735873,550.0
49,1,9,52.75820480968688,-8.396487296706429,550.0
50,1,10,52.73448356269943,6.521316062913727,550.0
51,1,11,50.89023344905302,20.81512443901892,550.0
52,1,12,47.46821646732283,33.58719228125466,550.0
53,1,13,42.82113675605917,44.54345091754792,550.0
54,1,14,37.28617684892344,53.8330921699393,550.0
55,1,15,31.130844519853802,61.78092568440874,550.0
56,1,16,24.5511679055769,68.72511754185818,550.0
57,1,17,17.688308233216688,74.9590585180855,550.0
58,1,18,10.646248302697433,80.7251383663561,550.0
59,1,19,3.5059685443661026,86.22636396918114,550.0
60,1,20,-3.663963199586368,91.64215756586765,550.0
61,1,21,-10.79895937970787,97.14415498006889,550.0
62,1,22,-17.830596441553684,102.91162818693019,550.0
63,1,23,-24.67821113168643,109.14717425761246,550.0
64,1,24,-31.238314131349366,116.09230185097819,550.0
65,1,25,-37.3706423832944,124.03881713893782,550.0
66,1,26,-42.88054574145994,133.32195946633394,550.0
67,1,27,-47.502910413211914,144.26231059205023,550.0
68,1,28,-50.90417386514902,157.00447928119425,550.0
69,1,29,-52.736180864708174,171.2537701918366,550.0
70,1,30,-52.759734772060966,-173.87965007862633,550.0
71,1,31,-50.96983930382952,-159.59290241057565,550.0
72,1,32,-47.59842719365996,-146.79288201916162,550.0
73,1,33,-42.991539730567226,-135.79234326647915,550.0
74,1,34,-37.484125976354164,-126.45619867112376,550.0
75,1,35,-31.34384396912065,-118.46613409701612,550.0
76,1,36,-24.767823213596998,-111.48573540677644,550.0
77,1,37,-17.89852096530217,-105.2211405415541,550.0
78,1,38,-10.84126301010599,-99.42879178573563,550.0
79,1,39,-3.678351419959823,-93.90428206803003,550.0
80,2,0,-0.07938015837909068,-82.1854669618507,550.0
81,2,1,7.1123809968927665,-76.72660902244725,550.0
82,2,2,14.239714131652336,-71.0930075233182,550.0
83,2,3,21.2274373460032,-65.09375184697252,550.0
84,2,4,27.982837652151606,-58.50609586419775,550.0
85,2,5,34.383339621478854,-51.060848159425355,550.0
86,2,6,40.26034515696506,-42.43746112471745,550.0
87,2,7,45.38097895885864,-32.292007414607234,550.0
88,2,8,49.43809425037329,-20.364355859460172,550.0
89,2,9,52.0752781002394,-6.706033833261667,550.0
90,2,10,52.98067090114337,8.065050659684267,550.0
91,2,11,52.02915041767972,22.8158354035301,550.0
92,2,12,49.355196244416845,36.423486390710394,550.0
93,2,13,45.27538081919566,48.28991896032664,550.0
94,2,14,40.146110243096594,58.3778727229091,550.0
95,2,15,34.272294405952785,66.95286103715829,550.0
96,2,16,27.88416190921243,74.35886930514897,550.0
97,2,17,21.147956142179055,80.91461464412144,550.0
98,2,18,14.184215429551399,86.88715062043403,550.0
99,2,19,7.083916610413562,92.49727675938574,550.0
100,2,20,-0.07933461489114844,97.9342166217426,550.0
101,2,21,-7.239924534359,103.371538974693,550.0
102,2,22,-14.332342595855112,108.98277843447943,550.0
103,2,23,-21.28319388774531,114.95687852411194,550.0
104,2,24,-28.001917785598035,121.51405137262095,550.0
105,2,25,-34.36861714872289,128.92012111231415,550.0
106,2,26,-40.21818922940774,137.4916806716,550.0
107,2,27,-45.32219835086151,147.5690373956852,550.0
108,2,28,-49.378743321580465,159.41302254859417,550.0
109,2,29,-52.03562543701289,172.9830648066571,550.0
110,2,30,-52.98067431623795,-172.31555041907174,550.0
111,2,31,-52.08143210068158,-157.59406121034974,550.0
112,2,32,-49.46111198787623,-143.97377608075223,550.0
113,2,33,-45.42721592444504,-132.06898858385176,550.0
114,2,34,-40.3319016338047,-121.93440853490021,550.0
115,2,35,-34.479273043466264,-113.31459368912823,550.0
116,2,36,-28.10033398134875,-105.86932549378832,550.0
117,2,37,-21.362564100995442,-99.28027615242287,550.0
118,2,38,-14.38784129795605,-93.27945636275726,550.0
119,2,39,-7.268460210937667,-87.64472788241515,550.0
120,3,0,3.5202679722803474,-70.4667543085089,550.0
121,3,1,10.688510951960533,-64.94302323236867,550.0
122,3,2,17.756283983383945,-59.15207466533005,550.0
123,3,3,24.64096611014235,-52.88906781908974,550.0
124,3,4,31.23669196142149,-45.90958095910427,550.0
125,3,5,37.40012489484677,-37.918095705649264,550.0
126,3,6,42.93269765086757,-28.575267770191,550.0
127,3,7,47.56430356856657,-17.558481705020377,550.0
128,3,8,50.95634285002957,-4.728104537840239,550.0
129,3,9,52.75820480968688,9.603513204189204,550.0
130,3,10,52.73448356269943,24.52131656380936,550.0
131,3,11,50.89023344905302,38.815124939914554,550.0
132,3,12,47.46821646732283,51.58719278215029,550.0
133,3,13,42.82113675605917,62.54344800334897,550.0
134,3,14,37.28617684892344,71.83309267083493,550.0
135,3,15,31.130844519853802,79.78092618530438,550.0
136,3,16,24.5511679055769,86.72511804275382,550.0
137,3,17,17.688308233216688,92.95905901898114,550.0
138,3,18,10.646248302697433,98.72513886725174,550.0
139,3,19,3.5059685443661026,104.22636447007677,550.0
140,3,20,-3.663963199586368,109.64215806676329,550.0
141,3,21,-10.79895937970787,115.14416231115369,550.0
142,3,22,-17.830596441553684,120.91162868782583,550.0
143,3,23,-24.67821113168643,127.14718158869726,550.0
144,3,24,-31.238314131349366,134.09229552168466,550.0
145,3,25,-37.3706423832944,142.03881080964427,550.0
146,3,26,-42.88054574145994,151.32196679741872,550.0
147,3,27,-47.502910413211914,162.26231792313504,550.0
148,3,28,-50.90417386514902,175.0044729519007,550.0
149,3,29,-52.736180864708174,-170.7462324949913,550.0
150,3,30,-52.759734772060966,-155.87965640791987,550.0
151,3,31,-50.96983930382952,-141.59290873986916,550.0
152,3,32,-47.59842719365996,-128.7928746880768,550.0
153,3,33,-42.991539730567226,-117.79233593539436,550.0
154,3,34,-37.484125976354164,-108.45619817022812,550.0
155,3,35,-31.34384396912065,-100.46613359612049,550.0
156,3,36,-24.767823213596998,-93.48573490588082,550.0
157,3,37,-17.89852096530217,-87.22114004065848,550.0
158,3,38,-10.84126301010599,-81.42879128484,550.0
159,3,39,-3.678351419959823,-75.90428156713439,550.0
160,4,0,-0.07938015837909068,-64.18546646095506,550.0
161,4,1,7.1123809968927665,-58.72660852155161,550.0
162,4,2,14.239714131652336,-53.09300702242257,550.0
163,4,3,21.2274373460032,-47.0937479309823,550.0
164,4,4,27.982837652151606,-40.50609194820753,550.0
165,4,5,34.383339621478854,-33.06084765852972,550.0
166,4,6,40.26034515696506,-24.43746062382182,550.0
167,4,7,45.38097895885864,-14.292007767485247,550.0
168,4,8,49.43809425037329,-2.364354931677716,550.0
169,4,9,52.0752781002394,11.293966240747142,550.0
170,4,10,52.98067090114337,26.065052014353547,550.0
171,4,11,52.02915041767972,40.81583761197303,550.0
172,4,12,49.355196244416845,54.42348689160603,550.0
173,4,13,45.27538081919566,66.28992287631685,550.0
174,4,14,40.146110243096594,76.37787322380474,550.0
175,4,15,34.272294405952785,84.95286153805392,550.0
176,4,16,27.88416190921243,92.3588698060446,550.0
177,4,17,21.147956142179055,98.91461514501707,550.0
178,4,18,14.184215429551399,104.88715112132967,550.0
179,4,19,7.083916610413562,110.49727726028138,550.0
180,4,20,-0.07933461489114844,115.93421029244907,550.0
181,4,21,-7.239924534359,121.37153264539947,550.0
182,4,22,-14.332342595855112,126.98277893537505,550.0
183,4,23,-21.28319388774531,132.95688585519676,550.0
184,4,24,-28.001917785598035,139.5140450433274,550.0
185,4,25,-34.36861714872289,146.92012844339897,550.0
186,4,26,-40.21818922940774,155.4916880026848,550.0
187,4,27,-45.32219835086151,165.56904472677,550.0
188,4,28,-49.378743321580465,177.41301621930066,550.0
189,4,29,-52.03562543701289,-169.01693788017076,550.0
190,4,30,-52.98067431623795,-154.31554308798695,550.0
191,4,31,-52.08143210068158,-139.59406753964328,550.0
192,4,32,-49.46111198787623,-125.97378241004576,550.0
193,4,33,-45.42721592444504,-114.0689949131453,550.0
194,4,34,-40.3319016338047,-103.93440120381541,550.0
195,4,35,-34.479273043466264,-95.31459318823259,550.0
196,4,36,-28.10033398134875,-87.86932499289269,550.0
197,4,37,-21.362564100995442,-81.28027565152723,550.0
198,4,38,-14.38784129795605,-75.27945586186162,550.0
199,4,39,-7.268460210937667,-69.64472738151953,550.0
200,5,0,3.5202679722803474,-52.466750392518684,550.0
201,5,1,10.688510951960533,-46.94302614656763,550.0
202,5,2,17.756283983383945,-41.15207074933983,550.0
203,5,3,24.64096611014235,-34.88906731819411,550.0
204,5,4,31.23669196142149,-27.909582165755925,550.0
205,5,5,37.40012489484677,-19.91809691230093,550.0
206,5,6,42.93269765086757,-10.575267269295367,550.0
207,5,7,47.56430356856657,0.4415179687820369,550.0
208,5,8,50.95634285002957,13.271895963055394,550.0
209,5,9,52.75820480968688,27.60351285131119,550.0
210,5,10,52.73448356269943,42.521315357157704,550.0
211,5,11,50.89023344905302,56.815125440810185,550.0
212,5,12,47.46821646732283,69.58718986795134,550.0
213,5,13,42.82113675605917,80.54344850424461,550.0
214,5,14,37.28617684892344,89.83309317173057,550.0
215,5,15,31.130844519853802,97.78092668620002,550.0
216,5,16,24.5511679055769,104.72511854364944,550.0
217,5,17,17.688308233216688,110.95905951987676,550.0
218,5,18,10.646248302697433,116.72514619833655,550.0
219,5,19,3.5059685443661026,122.22635814078323,550.0
220,5,20,-3.663963199586368,127.64215173746975,550.0
221,5,21,-10.79895937970787,133.14415598186017,550.0
222,5,22,-17.830596441553684,138.91163601891063,550.0
223,5,23,-24.67821113168643,145.14717525940372,550.0
224,5,24,-31.238314131349366,152.09230285276945,550.0
225,5,25,-37.3706423832944,160.0388181407291,550.0
226,5,26,-42.88054574145994,169.3219604681252,550.0
227,5,27,-47.502910413211914,-179.7376847636928,550.0
228,5,28,-50.90417386514902,-166.99551607454882,550.0
229,5,29,-52.736180864708174,-152.74622516390647,550.0
230,5,30,-52.759734772060966,-137.87964907683505,550.0
231,5,31,-50.96983930382952,-123.59290140878437,550.0
232,5,32,-47.59842719365996,-110.79288101737035,550.0
233,5,33,-42.991539730567226,-99.7923422646879,550.0
234,5,34,-37.484125976354164,-90.45619766933248,550.0
235,5,35,-31.34384396912065,-82.46613309522485,550.0
236,5,36,-24.767823213596998,-75.48573440498518,550.0
237,5,37,-17.89852096530217,-69.22113953976285,550.0
238,5,38,-10.84126301010599,-63.428790783944365,550.0
239,5,39,-3.678351419959823,-57.90428106623876,550.0
240,6,0,-0.07938015837909068,-46.18546937515401,550.0
241,6,1,7.1123809968927665,-40.72660802065598,550.0
242,6,2,14.239714131652336,-35.09300652152693,550.0
243,6,3,21.2274373460032,-29.09374743008667,550.0
244,6,4,27.982837652151606,-22.5060914473119,550.0
245,6,5,34.383339621478854,-15.060847157634086,550.0
246,6,6,40.26034515696506,-6.437460122926188,550.0
247,6,7,45.38097895885864,3.707992733410386,550.0
248,6,8,49.43809425037329,15.635645142331095,550.0
249,6,9,52.0752781002394,29.293967595416422,550.0
250,6,10,52.98067090114337,44.06505080770189,550.0
251,6,11,52.02915041767972,58.81583811286866,550.0
252,6,12,49.355196244416845,72.42348739250167,550.0
253,6,13,45.27538081919566,84.28992337721249,550.0
254,6,14,40.146110243096594,94.37787372470036,550.0
255,6,15,34.272294405952785,102.95286203894956,550.0
256,6,16,27.88416190921243,110.35887030694023,550.0
257,6,17,21.147956142179055,116.9146156459127,550.0
258,6,18,14.184215429551399,122.88715162222529,550.0
259,6,19,7.083916610413562,128.497277761177,550.0
260,6,20,-0.07933461489114844,133.93421762353387,550.0
261,6,21,-7.239924534359,139.37153997648426,550.0
262,6,22,-14.332342595855112,144.98278626645987,550.0
263,6,23,-21.28319388774531,150.95687952590322,550.0
264,6,24,-28.001917785598035,157.51405237441222,550.0
265,6,25,-34.36861714872289,164.92012211410542,550.0
266,6,26,-40.21818922940774,173.49168167339127,550.0
267,6,27,-45.32219835086151,-176.43095796005787,550.0
268,6,28,-49.378743321580465,-164.58697280714887,550.0
269,6,29,-52.03562543701289,-151.0169442094643,550.0
270,6,30,-52.98067431623795,-136.3155494172805,550.0
271,6,31,-52.08143210068158,-121.59406020855847,550.0
272,6,32,-49.46111198787623,-107.97378190915012,550.0
273,6,33,-45.42721592444504,-96.06899441224968,550.0
274,6,34,-40.3319016338047,-85.93440070291977,550.0
275,6,35,-34.479273043466264,-77.31459268733697,550.0
276,6,36,-28.10033398134875,-69.86932449199706,550.0
277,6,37,-21.362564100995442,-63.2802751506316,550.0
278,6,38,-14.38784129795605,-57.27945194587141,550.0
279,6,39,-7.268460210937667,-51.64472688062389,550.0
280,7,0,3.5202679722803474,-34.466753306717635,550.0
281,7,1,10.688510951960533,-28.943029060766584,550.0
282,7,2,17.756283983383945,-23.152073663538783,550.0
283,7,3,24.64096611014235,-16.88907023239306,550.0
284,7,4,31.23669196142149,-9.90958422618123,550.0
285,7,5,37.40012489484677,-1.9180996130564667,550.0
286,7,6,42.93269765086757,7.424729816505681,550.0
287,7,7,47.56430356856657,18.441515881676306,550.0
288,7,8,50.95634285002957,31.271894756403736,550.0
289,7,9,52.75820480968688,45.60350993711224,550.0
290,7,10,52.73448356269943,60.521315858053335,550.0
291,7,11,50.89023344905302,74.81511911151665,550.0
292,7,12,47.46821646732283,87.58719036884698,550.0
293,7,13,42.82113675605917,98.54344900514023,550.0
294,7,14,37.28617684892344,107.8330936726262,550.0
295,7,15,31.130844519853802,115.78092718709564,550.0
296,7,16,24.5511679055769,122.7251122143559,550.0
297,7,17,17.688308233216688,128.95905319058323,550.0
298,7,18,10.646248302697433,134.725139869043,550.0
299,7,19,3.5059685443661026,140.22636547186804,550.0
300,7,20,-3.663963199586368,145.64215906855455,550.0
301,7,21,-10.79895937970787,151.14414965256663,550.0
302,7,22,-17.830596441553684,156.9116296896171,550.0
303,7,23,-24.67821113168643,163.14716893011018,550.0
304,7,24,-31.238314131349366,170.0922965234759,550.0
305,7,25,-37.3706423832944,178.03881181143555,550.0
306,7,26,-42.88054574145994,-172.67804221870267,550.0
307,7,27,-47.502910413211914,-161.73769109298635,550.0
308,7,28,-50.90417386514902,-148.99552240384236,550.0
309,7,29,-52.736180864708174,-134.7462314932,550.0
310,7,30,-52.759734772060966,-119.87965540612859,550.0
311,7,31,-50.96983930382952,-105.59290773807791,550.0
312,7,32,-47.59842719365996,-92.79288051647472,550.0
313,7,33,-42.991539730567226,-81.79234176379227,550.0
314,7,34,-37.484125976354164,-72.45620399862602,550.0
315,7,35,-31.34384396912065,-64.46613259432922,550.0
316,7,36,-24.767823213596998,-57.48573390408955,550.0
317,7,37,-17.89852096530217,-51.221145869056386,550.0
318,7,38,-10.84126301010599,-45.4287971132379,550.0
319,7,39,-3.678351419959823,-39.90428739553229,550.0
320,8,0,-0.07938015837909068,-28.185468874258373,550.0
321,8,1,7.1123809968927665,-22.726607519760346,550.0
322,8,2,14.239714131652336,-17.09300431308401,550.0
323,8,3,21.2274373460032,-11.093748636738328,550.0
324,8,4,27.982837652151606,-4.506091800189913,550.0
325,8,5,34.383339621478854,2.9391529163747236,550.0
326,8,6,40.26034515696506,11.562540377969446,550.0
327,8,7,45.38097895885864,21.707992380532374,550.0
328,8,8,49.43809425037329,33.63564564322673,550.0
329,8,9,52.0752781002394,47.29396809631206,550.0
330,8,10,52.98067090114337,62.06505472369211,550.0
331,8,11,52.02915041767972,76.8158386137643,550.0
332,8,12,49.355196244416845,90.4234878933973,550.0
333,8,13,45.27538081919566,102.28992387810813,550.0
334,8,14,40.146110243096594,112.377874225596,550.0
335,8,15,34.272294405952785,120.95286937003436,550.0
336,8,16,27.88416190921243,128.35887080783587,550.0
337,8,17,21.147956142179055,134.9146229769975,550.0
338,8,18,14.184215429551399,140.8871589533101,550.0
339,8,19,7.083916610413562,146.49728509226182,550.0
340,8,20,-0.07933461489114844,151.93421129424033,550.0
341,8,21,-7.239924534359,157.37153364719072,550.0
342,8,22,-14.332342595855112,162.98277993716633,550.0
343,8,23,-21.28319388774531,168.956886856988,550.0
344,8,24,-28.001917785598035,175.51404604511868,550.0
345,8,25,-34.36861714872289,-177.0798669123441,550.0
346,8,26,-40.21818922940774,-168.5083210134366,550.0
347,8,27,-45.32219835086151,-158.43095062897308,550.0
348,8,28,-49.378743321580465,-146.5869791364424,550.0
349,8,29,-52.03562543701289,-133.0169368783795,550.0
350,8,30,-52.98067431623795,-118.31554208619568,550.0
351,8,31,-52.08143210068158,-103.59405970766285,550.0
352,8,32,-49.46111198787623,-89.97378140825448,550.0
353,8,33,-45.42721592444504,-78.06899391135404,550.0
354,8,34,-40.3319016338047,-67.93440020202415,550.0
355,8,35,-34.479273043466264,-59.31459218644133,550.0
356,8,36,-28.10033398134875,-51.86932740619601,550.0
357,8,37,-21.362564100995442,-45.28027464973597,550.0
358,8,38,-14.38784129795605,-39.27945144497578,550.0
359,8,39,-7.268460210937667,-33.64472637972826,550.0
360,9,0,3.5202679722803474,-16.466752805822,550.0
361,9,1,10.688510951960533,-10.943026852323657,550.0
362,9,2,17.756283983383945,-5.152074016416795,550.0
363,9,3,24.64096611014235,1.1109296281723393,550.0
364,9,4,31.23669196142149,8.090416274714402,550.0
365,9,5,37.40012489484677,16.081900674395754,550.0
366,9,6,42.93269765086757,25.424730317401313,550.0
367,9,7,47.56430356856657,36.44151467502465,550.0
368,9,8,50.95634285002957,49.27189525729937,550.0
369,9,9,52.75820480968688,63.603513853102456,550.0
370,9,10,52.73448356269943,78.52131635894897,550.0
371,9,11,50.89023344905302,92.81511961241229,550.0
372,9,12,47.46821646732283,105.5871908697426,550.0
373,9,13,42.82113675605917,116.54344950603587,550.0
374,9,14,37.28617684892344,125.83309417352183,550.0
375,9,15,31.130844519853802,133.7809208578021,550.0
376,9,16,24.5511679055769,140.72511954544072,550.0
377,9,17,17.688308233216688,146.95906052166802,550.0
378,9,18,10.646248302697433,152.72513353974946,550.0
379,9,19,3.5059685443661026,158.2263591425745,550.0
380,9,20,-3.663963199586368,163.642152739261,550.0
381,9,21,-10.79895937970787,169.1441569836514,550.0
382,9,22,-17.830596441553684,174.91162336032355,550.0
383,9,23,-24.67821113168643,-178.85282009633934,550.0
384,9,24,-31.238314131349366,-171.90770616335195,550.0
385,9,25,-37.3706423832944,-163.9611908753923,550.0
386,9,26,-42.88054574145994,-154.67803488761786,550.0
387,9,27,-47.502910413211914,-143.73768376190156,550.0
388,9,28,-50.90417386514902,-130.9955287331359,550.0
389,9,29,-52.736180864708174,-116.74623782249355,550.0
390,9,30,-52.759734772060966,-101.87965490523297,550.0
391,9,31,-50.96983930382952,-87.59290723718227,550.0
392,9,32,-47.59842719365996,-74.79288001557909,550.0
393,9,33,-42.991539730567226,-63.79234126289663,550.0
394,9,34,-37.484125976354164,-54.45620008263581,550.0
395,9,35,-31.34384396912065,-46.466132093433586,550.0
396,9,36,-24.767823213596998,-39.4857368182885,550.0
397,9,37,-17.89852096530217,-33.22114536816075,550.0
398,9,38,-10.84126301010599,-27.428796612342264,550.0
399,9,39,-3.678351419959823,-21.904286894636662,550.0
400,10,0,-0.07938015837909068,-10.18546837336274,550.0
401,10,1,7.1123809968927665,-4.726606591977891,550.0
402,10,2,14.239714131652336,0.906995547481391,550.0
403,10,3,21.2274373460032,6.906252291044129,550.0
404,10,4,27.982837652151606,13.49390870070572,550.0
405,10,5,34.383339621478854,20.93915384415718,550.0
406,10,6,40.26034515696506,29.56254087886508,550.0
407,10,7,45.38097895885864,39.707994588975296,550.0
408,10,8,49.43809425037329,51.63564614412236,550.0
409,10,9,52.0752781002394,65.2939651821131,550.0
410,10,10,52.98067090114337,80.06505522458774,550.0
411,10,11,52.02915041767972,94.81583911465992,550.0
412,10,12,49.355196244416845,108.42348839429293,550.0
413,10,13,45.27538081919566,120.28991754881459,550.0
414,10,14,40.146110243096594,130.37787472649163,550.0
415,10,15,34.272294405952785,138.95286304074082,550.0
416,10,16,27.88416190921243,146.35887813892066,550.0
417,10,17,21.147956142179055,152.91461664770398,550.0
418,10,18,14.184215429551399,158.88715262401655,550.0
419,10,19,7.083916610413562,164.49727876296828,550.0
420,10,20,-0.07933461489114844,169.93421862532514,550.0
421,10,21,-7.239924534359,175.37154097827553,550.0
422,10,22,-14.332342595855112,-179.01722274966153,550.0
423,10,23,-21.28319388774531,-173.04311582983985,550.0
424,10,24,-28.001917785598035,-166.48594298133085,550.0
425,10,25,-34.36861714872289,-159.07987324163764,550.0
426,10,26,-40.21818922940774,-150.5083136823518,550.0
427,10,27,-45.32219835086151,-140.4309569582666,550.0
428,10,28,-49.378743321580465,-128.58697180535762,550.0
429,10,29,-52.03562543701289,-115.01694320767304,550.0
430,10,30,-52.98067431623795,-100.31554158530004,550.0
431,10,31,-52.08143210068158,-85.59405920676721,550.0
432,10,32,-49.46111198787623,-71.97378090735886,550.0
433,10,33,-45.42721592444504,-60.06899341045841,550.0
434,10,34,-40.3319016338047,-49.93439970112851,550.0
435,10,35,-34.479273043466264,-41.3145916855457,550.0
436,10,36,-28.10033398134875,-33.869326905300376,550.0
437,10,37,-21.362564100995442,-27.280272441293047,550.0
438,10,38,-14.38784129795605,-21.27945094408014,550.0
439,10,39,-7.268460210937667,-15.644725878832626,550.0
440,11,0,3.5202679722803474,1.5332471614651035,550.0
441,11,1,10.688510951960533,7.056973648571977,550.0
442,11,2,17.756283983383945,12.847926484478839,550.0
443,11,3,24.64096611014235,19.11093076939821,550.0
444,11,4,31.23669196142149,26.09041592183639,550.0
445,11,5,37.40012489484677,34.08190288283868,550.0
446,11,6,42.93269765086757,43.42473081829695,550.0
447,11,7,47.56430356856657,54.44151517592028,550.0
448,11,8,50.95634285002957,67.27189234310042,550.0
449,11,9,52.75820480968688,81.6035143539981,550.0
450,11,10,52.73448356269943,96.5213168598446,550.0
451,11,11,50.89023344905302,110.81512011330791,550.0
452,11,12,47.46821646732283,123.58719137063824,550.0
453,11,13,42.82113675605917,134.54344317674233,550.0
454,11,14,37.28617684892344,143.8330878442283,550.0
455,11,15,31.130844519853802,151.78092818888692,550.0
456,11,16,24.5511679055769,158.72511321614718,550.0
457,11,17,17.688308233216688,164.95905419237448,550.0
458,11,18,10.646248302697433,170.72514087083428,550.0
459,11,19,3.5059685443661026,176.2263664736593,550.0
460,11,20,-3.663963199586368,-178.35784994756685,550.0
461,11,21,-10.79895937970787,-172.85584570317644,550.0
462,11,22,-17.830596441553684,-167.08836566612598,550.0
463,11,23,-24.67821113168643,-160.85282642563286,550.0
464,11,24,-31.238314131349366,-153.90769883226713,550.0
465,11,25,-37.3706423832944,-145.96118354430752,550.0
466,11,26,-42.88054574145994,-136.6780412169114,550.0
467,11,27,-47.502910413211914,-125.73769009119509,550.0
468,11,28,-50.90417386514902,-112.99552140205108,550.0
469,11,29,-52.736180864708174,-98.74623049140874,550.0
470,11,30,-52.759734772060966,-83.87965440433733,550.0
471,11,31,-50.96983930382952,-69.59290673628664,550.0
472,11,32,-47.59842719365996,-56.792879514683456,550.0
473,11,33,-42.991539730567226,-45.792340762001,550.0
474,11,34,-37.484125976354164,-36.45619958174017,550.0
475,11,35,-31.34384396912065,-28.466133300085243,550.0
476,11,36,-24.767823213596998,-21.485734609845572,550.0
477,11,37,-17.89852096530217,-15.221143159717823,550.0
478,11,38,-10.84126301010599,-9.428796111446632,550.0
479,11,39,-3.678351419959823,-3.9042863937410286,550.0
480,12,0,-0.07938015837909068,7.814532127532893,550.0
481,12,1,7.1123809968927665,13.273394335804566,550.0
482,12,2,14.239714131652336,18.90699668870726,550.0
483,12,3,21.2274373460032,24.90625236505294,550.0
484,12,4,27.982837652151606,31.493910055375,550.0
485,12,5,34.383339621478854,38.93915434505281,550.0
486,12,6,40.26034515696506,47.56254137976071,550.0
487,12,7,45.38097895885864,57.707995089870934,550.0
488,12,8,49.43809425037329,69.63565006011258,550.0
489,12,9,52.0752781002394,83.29396568300874,550.0
490,12,10,52.98067090114337,98.06505572548338,550.0
491,12,11,52.02915041767972,112.81583961555556,550.0
492,12,12,49.355196244416845,126.42348206499939,550.0
493,12,13,45.27538081919566,138.2899248798994,550.0
494,12,14,40.146110243096594,148.37788205757644,550.0
495,12,15,34.272294405952785,156.95287037182564,550.0
496,12,16,27.88416190921243,164.35887180962715,550.0
497,12,17,21.147956142179055,170.91462397878877,550.0
498,12,18,14.184215429551399,176.88715995510137,550.0
499,12,19,7.083916610413562,-177.5027239238596,550.0
500,12,20,-0.07933461489114844,-172.0657840615027,550.0
501,12,21,-7.239924534359,-166.62846170855232,550.0
502,12,22,-14.332342595855112,-161.01721541857674,550.0
503,12,23,-21.28319388774531,-155.04310849875503,550.0
504,12,24,-28.001917785598035,-148.4859493106244,550.0
505,12,25,-34.36861714872289,-141.07986591055283,550.0
506,12,26,-40.21818922940774,-132.50832001164534,550.0
507,12,27,-45.32219835086151,-122.4309496271818,550.0
508,12,28,-49.378743321580465,-110.58697813465115,550.0
509,12,29,-52.03562543701289,-97.01693587658824,550.0
510,12,30,-52.98067431623795,-82.31554108440442,550.0
511,12,31,-52.08143210068158,-67.59405870587157,550.0
512,12,32,-49.46111198787623,-53.97377699136864,550.0
513,12,33,-45.42721592444504,-42.06898949446819,550.0
514,12,34,-40.3319016338047,-31.93439920023288,550.0
515,12,35,-34.479273043466264,-23.31458947710277,550.0
516,12,36,-28.10033398134875,-15.869324696857449,550.0
517,12,37,-21.362564100995442,-9.280272794171058,550.0
518,12,38,-14.38784129795605,-3.2794508700713303,550.0
519,12,39,-7.268460210937667,2.3552739817327724,550.0
520,13,0,3.5202679722803474,19.533255026158436,550.0
521,13,1,10.688510951960533,25.05698097965678,550.0
522,13,2,17.756283983383945,30.84793466933729,550.0
523,13,3,24.64096611014235,37.11093810048301,550.0
524,13,4,31.23669196142149,44.09042496046848,550.0
525,13,5,37.40012489484677,52.081910213923486,550.0
526,13,6,42.93269765086757,61.42473814938175,550.0
527,13,7,47.56430356856657,72.44152592209967,550.0
528,13,8,50.95634285002957,85.27189967418522,550.0
529,13,9,52.75820480968688,99.6035216850829,550.0
530,13,10,52.73448356269943,114.5213241909294,550.0
531,13,11,50.89023344905302,128.81512744439272,550.0
532,13,12,47.46821646732283,141.58719870172305,550.0
533,13,13,42.82113675605917,152.54345050782715,550.0
534,13,14,37.28617684892344,161.8330951753131,550.0
535,13,15,31.130844519853802,169.7809355199717,550.0
536,13,16,24.5511679055769,176.72512054723197,550.0
537,13,17,17.688308233216688,-177.04093483407502,550.0
538,13,18,10.646248302697433,-171.27484815561525,550.0
539,13,19,3.5059685443661026,-165.77363621316854,550.0
540,13,20,-3.663963199586368,-160.35784261648203,550.0
541,13,21,-10.79895937970787,-154.85583837209163,550.0
542,13,22,-17.830596441553684,-149.08835833504116,550.0
543,13,23,-24.67821113168643,-142.85281909454807,550.0
544,13,24,-31.238314131349366,-135.90769150118234,550.0
545,13,25,-37.3706423832944,-127.9611762132227,550.0
546,13,26,-42.88054574145994,-118.6780338858266,550.0
547,13,27,-47.502910413211914,-107.73768276011029,550.0
548,13,28,-50.90417386514902,-94.99551407096628,550.0
549,13,29,-52.736180864708174,-80.74622316032394,550.0
550,13,30,-52.759734772060966,-65.87964707325253,550.0
551,13,31,-50.96983930382952,-51.592899405201834,550.0
552,13,32,-47.59842719365996,-38.792872183598654,550.0
553,13,33,-42.991539730567226,-27.792333430916194,550.0
554,13,34,-37.484125976354164,-18.45619225065537,550.0
555,13,35,-31.34384396912065,-10.46612596900044,550.0
556,13,36,-24.767823213596998,-3.485727705647593,550.0
557,13,37,-17.89852096530217,2.778863317593334,550.0
558,13,38,-10.84126301010599,8.57121121963817,550.0
559,13,39,-3.678351419959823,14.095720937343774,550.0
560,14,0,-0.07938015837909068,25.814525798239355,550.0
561,14,1,7.1123809968927665,31.27338715273738,550.0
562,14,2,14.239714131652336,36.90698865186643,550.0
563,14,3,21.2274373460032,42.90624774330669,550.0
564,14,4,27.982837652151606,49.49390372608146,550.0
565,14,5,34.383339621478854,56.93914801575928,550.0
566,14,6,40.26034515696506,65.56253505046718,550.0
567,14,7,45.38097895885864,75.7079887605774,550.0
568,14,8,49.43809425037329,87.63564373081904,550.0
569,14,9,52.0752781002394,101.2939593537152,550.0
570,14,10,52.98067090114337,116.06504939618983,550.0
571,14,11,52.02915041767972,130.81582645607284,550.0
572,14,12,49.355196244416845,144.42347573570586,550.0
573,14,13,45.27538081919566,156.28991855060585,550.0
574,14,14,40.146110243096594,166.3778757282829,550.0
575,14,15,34.272294405952785,174.9528640425321,550.0
576,14,16,27.88416190921243,-177.64113087720074,550.0
577,14,17,21.147956142179055,-171.08539236841744,550.0
578,14,18,14.184215429551399,-165.11285639210485,550.0
579,14,19,7.083916610413562,-159.50273025315312,550.0
580,14,20,-0.07933461489114844,-154.06579039079625,550.0
581,14,21,-7.239924534359,-148.62846803784586,550.0
582,14,22,-14.332342595855112,-143.01722174787028,550.0
583,14,23,-21.28319388774531,-137.04311482804857,550.0
584,14,24,-28.001917785598035,-130.4859556399179,550.0
585,14,25,-34.36861714872289,-123.07987223984637,550.0
586,14,26,-40.21818922940774,-114.5083195107497,550.0
587,14,27,-45.32219835086151,-104.43096278666451,550.0
588,14,28,-49.378743321580465,-92.58698446394469,550.0
589,14,29,-52.03562543701289,-79.01694220588178,550.0
590,14,30,-52.98067431623795,-64.31554741369794,550.0
591,14,31,-52.08143210068158,-49.594065035165116,550.0
592,14,32,-49.46111198787623,-35.97378332066217,550.0
593,14,33,-45.42721592444504,-24.06899582376173,550.0
594,14,34,-40.3319016338047,-13.93440638330006,550.0
595,14,35,-34.479273043466264,-5.314596660169955,550.0
596,14,36,-28.10033398134875,2.1306683335187806,550.0
597,14,37,-21.362564100995442,8.719720876535405,550.0
598,14,38,-14.38784129795605,14.720543227521956,550.0
599,14,39,-7.268460210937667,20.35526829276947,550.0
600,15,0,3.5202679722803474,37.5332486968649,550.0
601,15,1,10.688510951960533,43.05697294281595,550.0
602,15,2,17.756283983383945,48.84792834004375,550.0
603,15,3,24.64096611014235,55.11093177118948,550.0
604,15,4,31.23669196142149,62.090415216080366,550.0
605,15,5,37.40012489484677,70.08190046953537,550.0
606,15,6,42.93269765086757,79.42473182008821,550.0
607,15,7,47.56430356856657,90.44151959280613,550.0
608,15,8,50.95634285002957,103.27189334489168,550.0
609,15,9,52.75820480968688,117.60350852560019,550.0
610,15,10,52.73448356269943,132.5213110314467,550.0
611,15,11,50.89023344905302,146.81512111509917,550.0
612,15,12,47.46821646732283,159.5871923724295,550.0
613,15,13,42.82113675605917,170.5434441785336,550.0
614,15,14,37.28617684892344,179.83308884601956,550.0
615,15,15,31.130844519853802,-172.21906716685615,550.0
616,15,16,24.5511679055769,-165.2748821395959,550.0
617,15,17,17.688308233216688,-159.04094116336856,550.0
618,15,18,10.646248302697433,-153.2748544849088,550.0
619,15,19,3.5059685443661026,-147.77364254246208,550.0
620,15,20,-3.663963199586368,-142.35784894577557,550.0
621,15,21,-10.79895937970787,-136.85584470138517,550.0
622,15,22,-17.830596441553684,-131.0883646643347,550.0
623,15,23,-24.67821113168643,-124.85282542384161,550.0
624,15,24,-31.238314131349366,-117.90769783047588,550.0
625,15,25,-37.3706423832944,-109.9611893727054,550.0
626,15,26,-42.88054574145994,-100.67804021512013,550.0
627,15,27,-47.502910413211914,-89.73768908940383,550.0
628,15,28,-50.90417386514902,-76.99552040025982,550.0
629,15,29,-52.736180864708174,-62.74622948961748,550.0
630,15,30,-52.759734772060966,-47.87965340254606,550.0
631,15,31,-50.96983930382952,-33.592905734495375,550.0
632,15,32,-47.59842719365996,-20.792878512892187,550.0
633,15,33,-42.991539730567226,-9.792340613983377,550.0
634,15,34,-37.484125976354164,-0.45619863330975957,550.0
635,15,35,-31.34384396912065,7.533867701706022,550.0
636,15,36,-24.767823213596998,14.514266391945693,550.0
637,15,37,-17.89852096530217,20.778857842073442,550.0
638,15,38,-10.84126301010599,26.571204890344635,550.0
639,15,39,-3.678351419959823,32.09571460805024,550.0
640,16,0,-0.07938015837909068,43.81453312932416,550.0
641,16,1,7.1123809968927665,49.27339448382219,550.0
642,16,2,14.239714131652336,54.90699598295123,550.0
643,16,3,21.2274373460032,60.90625165929691,550.0
644,16,4,27.982837652151606,67.49390764207168,550.0
645,16,5,34.383339621478854,74.93915534684407,550.0
646,16,6,40.26034515696506,83.56254238155198,550.0
647,16,7,45.38097895885864,93.7079960916622,550.0
648,16,8,49.43809425037329,105.63565106190384,550.0
649,16,9,52.0752781002394,119.29396668480001,550.0
650,16,10,52.98067090114337,134.06505672727465,550.0
651,16,11,52.02915041767972,148.81583378715766,550.0
652,16,12,49.355196244416845,162.42348306679065,550.0
653,16,13,45.27538081919566,174.28992588169066,550.0
654,16,14,40.146110243096594,-175.62212695854495,550.0
655,16,15,34.272294405952785,-167.04713864429579,550.0
656,16,16,27.88416190921243,-159.64112354611592,550.0
657,16,17,21.147956142179055,-153.08538503733263,550.0
658,16,18,14.184215429551399,-147.11284906102003,550.0
659,16,19,7.083916610413562,-141.50272292206833,550.0
660,16,20,-0.07933461489114844,-136.06578305971146,550.0
661,16,21,-7.239924534359,-130.62846070676108,550.0
662,16,22,-14.332342595855112,-125.01721441678546,550.0
663,16,23,-21.28319388774531,-119.04310749696377,550.0
664,16,24,-28.001917785598035,-112.48594830883312,550.0
665,16,25,-34.36861714872289,-105.07987173895074,550.0
666,16,26,-40.21818922940774,-96.5083121796649,550.0
667,16,27,-45.32219835086151,-86.4309554555797,550.0
668,16,28,-49.378743321580465,-74.58697713285989,550.0
669,16,29,-52.03562543701289,-61.016934874796966,550.0
670,16,30,-52.98067431623795,-46.31554349770773,550.0
671,16,31,-52.08143210068158,-31.59405770408031,550.0
672,16,32,-49.46111198787623,-17.97377769712466,550.0
673,16,33,-45.42721592444504,-6.068988492676925,550.0
674,16,34,-40.3319016338047,4.065600947784744,550.0
675,16,35,-34.479273043466264,12.685410670914848,550.0
676,16,36,-28.10033398134875,20.130676304933818,550.0
677,16,37,-21.362564100995442,26.719729061393853,550.0
678,16,38,-14.38784129795605,32.72055055860676,550.0
679,16,39,-7.268460210937667,38.355275623854276,550.0
680,17,0,3.5202679722803474,55.53324236757136,550.0
681,17,1,10.688510951960533,61.05696661352241,550.0
682,17,2,17.756283983383945,66.84792201075021,550.0
683,17,3,24.64096611014235,73.11092544189594,550.0
684,17,4,31.23669196142149,80.09040888678683,550.0
685,17,5,37.40012489484677,88.08189414024183,550.0
686,17,6,42.93269765086757,97.42472549079467,550.0
687,17,7,47.56430356856657,108.44151326351259,550.0
688,17,8,50.95634285002957,121.27189384578732,550.0
689,17,9,52.75820480968688,135.60350219630666,550.0
690,17,10,52.73448356269943,150.52130470215317,550.0
691,17,11,50.89023344905302,164.81511478580563,550.0
692,17,12,47.46821646732283,177.58718604313597,550.0
693,17,13,42.82113675605917,-171.45655850829425,550.0
694,17,14,37.28617684892344,-162.1669138408083,550.0
695,17,15,31.130844519853802,-154.2190734961497,550.0
696,17,16,24.5511679055769,-147.27488846888943,550.0
697,17,17,17.688308233216688,-141.0409474926621,550.0
698,17,18,10.646248302697433,-135.27486081420233,550.0
699,17,19,3.5059685443661026,-129.77364887175563,550.0
700,17,20,-3.663963199586368,-124.35785527506911,550.0
701,17,21,-10.79895937970787,-118.8558510306787,550.0
702,17,22,-17.830596441553684,-113.08837782381741,550.0
703,17,23,-24.67821113168643,-106.85283175313513,550.0
704,17,24,-31.238314131349366,-99.90771098995859,550.0
705,17,25,-37.3706423832944,-91.96119570199895,550.0
706,17,26,-42.88054574145994,-82.67804654441366,550.0
707,17,27,-47.502910413211914,-71.73769541869737,550.0
708,17,28,-50.90417386514902,-58.995526729553355,550.0
709,17,29,-52.736180864708174,-44.7462392340056,550.0
710,17,30,-52.759734772060966,-29.879659731839602,550.0
711,17,31,-50.96983930382952,-15.592913771336201,550.0
712,17,32,-47.59842719365996,-2.792885482515959,550.0
713,17,33,-42.991539730567226,8.207653056723085,550.0
714,17,34,-37.484125976354164,17.543795090757555,550.0
715,17,35,-31.34384396912065,25.533861372412485,550.0
716,17,36,-24.767823213596998,32.514258355104865,550.0
717,17,37,-17.89852096530217,38.77884980523262,550.0
718,17,38,-10.84126301010599,44.5711985610511,550.0
719,17,39,-3.678351419959823,50.0957082787567,550.0
720,18,0,-0.07938015837909068,61.81453021512521,550.0
721,18,1,7.1123809968927665,67.27338815452865,550.0
722,18,2,14.239714131652336,72.9069896536577,550.0
723,18,3,21.2274373460032,78.90624533000337,550.0
724,18,4,27.982837652151606,85.49390131277815,550.0
725,18,5,34.383339621478854,92.93914901755055,550.0
726,18,6,40.26034515696506,101.56253605225844,550.0
727,18,7,45.38097895885864,111.70798976236867,550.0
728,18,8,49.43809425037329,123.63564473261032,550.0
729,18,9,52.0752781002394,137.29396035550647,550.0
730,18,10,52.98067090114337,152.0650503979811,550.0
731,18,11,52.02915041767972,166.81582745786412,550.0
732,18,12,49.355196244416845,-179.5765196200372,550.0
733,18,13,45.27538081919566,-167.71007680513722,550.0
734,18,14,40.146110243096594,-157.6221332878385,550.0
735,18,15,34.272294405952785,-149.0471449735893,550.0
736,18,16,27.88416190921243,-141.64112987540946,550.0
737,18,17,21.147956142179055,-135.08539136662617,550.0
738,18,18,14.184215429551399,-129.11285539031357,550.0
739,18,19,7.083916610413562,-123.50272925136186,550.0
740,18,20,-0.07933461489114844,-118.06578938900499,550.0
741,18,21,-7.239924534359,-112.6284670360546,550.0
742,18,22,-14.332342595855112,-107.017220746079,550.0
743,18,23,-21.28319388774531,-101.04312065644648,550.0
744,18,24,-28.001917785598035,-94.48595463812666,550.0
745,18,25,-34.36861714872289,-87.07987806824427,550.0
746,18,26,-40.21818922940774,-78.50831850895844,550.0
747,18,27,-45.32219835086151,-68.43096178487325,550.0
748,18,28,-49.378743321580465,-56.58698004705884,550.0
749,18,29,-52.03562543701289,-43.01694461918509,550.0
750,18,30,-52.98067431623795,-28.315549827001266,550.0
751,18,31,-52.08143210068158,-13.59406574092114,550.0
752,18,32,-49.46111198787623,0.026216592234189644,550.0
753,18,33,-45.42721592444504,11.931005178029539,550.0
754,18,34,-40.3319016338047,22.065593764717562,550.0
755,18,35,-34.479273043466264,30.685403487847665,550.0
756,18,36,-28.10033398134875,38.13066826809299,550.0
757,18,37,-21.362564100995442,44.719721024553024,550.0
758,18,38,-14.38784129795605,50.72054422931322,550.0
759,18,39,-7.268460210937667,56.355269294560735,550.0
760,19,0,3.5202679722803474,73.53324969865616,550.0
761,19,1,10.688510951960533,79.05697394460722,550.0
762,19,2,17.756283983383945,84.84792934183501,550.0
763,19,3,24.64096611014235,91.11093277298075,550.0
764,19,4,31.23669196142149,98.09041621787163,550.0
765,19,5,37.40012489484677,106.08190147132663,550.0
766,19,6,42.93269765086757,115.42473282187949,550.0
767,19,7,47.56430356856657,126.44151376440823,550.0
768,19,8,50.95634285002957,139.27190117687212,550.0
769,19,9,52.75820480968688,153.60350952739145,550.0
770,19,10,52.73448356269943,168.52131203323796,550.0
771,19,11,50.89023344905302,-177.18487424064386,550.0
772,19,12,47.46821646732283,-164.41280298331355,550.0
773,19,13,42.82113675605917,-153.45655117720946,550.0
774,19,14,37.28617684892344,-144.1669065097235,550.0
775,19,15,31.130844519853802,-136.21906616506487,550.0
776,19,16,24.5511679055769,-129.2748811378046,550.0
777,19,17,17.688308233216688,-123.0409401615773,550.0
778,19,18,10.646248302697433,-117.27485348311751,550.0
779,19,19,3.5059685443661026,-111.77363471048166,550.0
780,19,20,-3.663963199586368,-106.35784111379515,550.0
781,19,21,-10.79895937970787,-100.8558436995939,550.0
782,19,22,-17.830596441553684,-95.08837049273261,550.0
783,19,23,-24.67821113168643,-88.85282442205033,550.0
784,19,24,-31.238314131349366,-81.90770365887379,550.0
785,19,25,-37.3706423832944,-73.96118837091414,550.0
786,19,26,-42.88054574145994,-64.67803921332886,550.0
787,19,27,-47.502910413211914,-53.73768467251798,550.0
788,19,28,-50.90417386514902,-40.99551939846855,550.0
789,19,29,-52.736180864708174,-26.746230195373503,550.0
790,19,30,-52.759734772060966,-11.879651546981151,550.0
791,19,31,-50.96983930382952,2.4070935597486014,550.0
792,19,32,-47.59842719365996,15.20712248889908,550.0
793,19,33,-42.991539730567226,26.207661241581537,550.0
794,19,34,-37.484125976354164,35.54380242184236,550.0
795,19,35,-31.34384396912065,43.53387041104458,550.0
796,19,36,-24.767823213596998,50.51426568618967,550.0
797,19,37,-17.89852096530217,56.77885713631742,550.0
798,19,38,-10.84126301010599,62.5712058921359,550.0
799,19,39,-3.678351419959823,68.0957156098415,550.0
800,20,0,-0.07938015837909068,79.81453754621002,550.0
801,20,1,7.1123809968927665,85.27339548561345,550.0
802,20,2,14.239714131652336,90.9069969847425,550.0
803,20,3,21.2274373460032,96.90625266108817,550.0
804,20,4,27.982837652151606,103.49390864386295,550.0
805,20,5,34.383339621478854,110.93915634863535,550.0
806,20,6,40.26034515696506,119.56254338334324,550.0
807,20,7,45.38097895885864,129.70799709345346,550.0
808,20,8,49.43809425037329,141.63565206369512,550.0
809,20,9,52.0752781002394,155.29396768659126,550.0
810,20,10,52.98067090114337,170.0650577290659,550.0
811,20,11,52.02915041767972,-175.1841615685854,550.0
812,20,12,49.355196244416845,-161.5765122889524,550.0
813,20,13,45.27538081919566,-149.7100694740524,550.0
814,20,14,40.146110243096594,-139.6221259567537,550.0
815,20,15,34.272294405952785,-131.0471376425045,550.0
816,20,16,27.88416190921243,-123.64112254432466,550.0
817,20,17,21.147956142179055,-117.08538403554137,550.0
818,20,18,14.184215429551399,-111.1128412290396,550.0
819,20,19,7.083916610413562,-105.50271509008789,550.0
820,20,20,-0.07933461489114844,-100.06578205792019,550.0
821,20,21,-7.239924534359,-94.6284597049698,550.0
822,20,22,-14.332342595855112,-89.0172134149942,550.0
823,20,23,-21.28319388774531,-83.04311332536167,550.0
824,20,24,-28.001917785598035,-76.48594730704185,550.0
825,20,25,-34.36861714872289,-69.07987073715947,550.0
826,20,26,-40.21818922940774,-60.50831117787363,550.0
827,20,27,-45.32219835086151,-50.430951038693856,550.0
828,20,28,-49.378743321580465,-38.58697271597403,550.0
829,20,29,-52.03562543701289,-25.016937288100287,550.0
830,20,30,-52.98067431623795,-10.315541642142817,550.0
831,20,31,-52.08143210068158,4.405942017050486,550.0
832,20,32,-49.46111198787623,18.026223304666605,550.0
833,20,33,-45.42721592444504,29.931012509114343,550.0
834,20,34,-40.3319016338047,40.065602803349655,550.0
835,20,35,-34.479273043466264,48.68541081893247,550.0
836,20,36,-28.10033398134875,56.13067559917779,550.0
837,20,37,-21.362564100995442,62.71972835563783,550.0
838,20,38,-14.38784129795605,68.72054814530344,550.0
839,20,39,-7.268460210937667,74.35527662564554,550.0
840,21,0,3.5202679722803474,91.53324336936262,550.0
841,21,1,10.688510951960533,97.05696761531368,550.0
842,21,2,17.756283983383945,102.84792301254149,550.0
843,21,3,24.64096611014235,109.1109264436872,550.0
844,21,4,31.23669196142149,116.09041671876726,550.0
845,21,5,37.40012489484677,124.08190197222227,550.0
846,21,6,42.93269765086757,133.42472649258593,550.0
847,21,7,47.56430356856657,144.4415074351147,550.0
848,21,8,50.95634285002957,157.27189484757858,550.0
849,21,9,52.75820480968688,171.6035031980979,550.0
850,21,10,52.73448356269943,-173.4786906535899,550.0
851,21,11,50.89023344905302,-159.1848805699374,550.0
852,21,12,47.46821646732283,-146.4128093126071,550.0
853,21,13,42.82113675605917,-135.456557506503,550.0
854,21,14,37.28617684892344,-126.16691283901703,550.0
855,21,15,31.130844519853802,-118.21907249435841,550.0
856,21,16,24.5511679055769,-111.27489429728732,550.0
857,21,17,17.688308233216688,-105.04094649087084,550.0
858,21,18,10.646248302697433,-99.27486664260022,550.0
859,21,19,3.5059685443661026,-93.77364103977519,550.0
860,21,20,-3.663963199586368,-88.35784744308869,550.0
861,21,21,-10.79895937970787,-82.85585002888745,550.0
862,21,22,-17.830596441553684,-77.08837682202615,550.0
863,21,23,-24.67821113168643,-70.85283075134387,550.0
864,21,24,-31.238314131349366,-63.90770998816732,550.0
865,21,25,-37.3706423832944,-55.961191285113095,550.0
866,21,26,-42.88054574145994,-46.67804212752782,550.0
867,21,27,-47.502910413211914,-35.73769100181151,550.0
868,21,28,-50.90417386514902,-22.99552743530938,550.0
869,21,29,-52.736180864708174,-8.746237378440687,550.0
870,21,30,-52.759734772060966,6.120341696838489,550.0
871,21,31,-50.96983930382952,20.407087230455065,550.0
872,21,32,-47.59842719365996,33.20711615960554,550.0
873,21,33,-42.991539730567226,44.207654912288,550.0
874,21,34,-37.484125976354164,53.543796092548824,550.0
875,21,35,-31.34384396912065,61.53386408175105,550.0
876,21,36,-24.767823213596998,68.51426277199072,550.0
877,21,37,-17.89852096530217,74.77885080702389,550.0
878,21,38,-10.84126301010599,80.57119956284237,550.0
879,21,39,-3.678351419959823,86.09570928054796,550.0
880,22,0,-0.07938015837909068,97.81453121691648,550.0
881,22,1,7.1123809968927665,103.27338915631992,550.0
882,22,2,14.239714131652336,108.90699065544896,550.0
883,22,3,21.2274373460032,114.90625316198381,550.0
884,22,4,27.982837652151606,121.49390231456941,550.0
885,22,5,34.383339621478854,128.9391500193418,550.0
886,22,6,40.26034515696506,137.5625370540497,550.0
887,22,7,45.38097895885864,147.70799076415992,550.0
888,22,8,49.43809425037329,159.63564573440158,550.0
889,22,9,52.0752781002394,173.29396135729775,550.0
890,22,10,52.98067090114337,-171.93494495776196,550.0
891,22,11,52.02915041767972,-157.18416789787895,550.0
892,22,12,49.355196244416845,-143.57651861824593,550.0
893,22,13,45.27538081919566,-131.71007580334594,550.0
894,22,14,40.146110243096594,-121.62213228604723,550.0
895,22,15,34.272294405952785,-113.04713714160887,550.0
896,22,16,27.88416190921243,-105.6411288736182,550.0
897,22,17,21.147956142179055,-99.08538353464573,550.0
898,22,18,14.184215429551399,-93.11284755833314,550.0
899,22,19,7.083916610413562,-87.50272141938143,550.0
900,22,20,-0.07933461489114844,-82.06578838721373,550.0
901,22,21,-7.239924534359,-76.62846603426334,550.0
902,22,22,-14.332342595855112,-71.01721974428774,550.0
903,22,23,-21.28319388774531,-65.04311965465521,550.0
904,22,24,-28.001917785598035,-58.48595363633539,550.0
905,22,25,-34.36861714872289,-51.07987706645301,550.0
906,22,26,-40.21818922940774,-42.50832092226175,550.0
907,22,27,-45.32219835086151,-32.43095736798739,550.0
908,22,28,-49.378743321580465,-20.58698075281486,550.0
909,22,29,-52.03562543701289,-7.016943190507002,550.0
910,22,30,-52.98067431623795,7.684452028563647,550.0
911,22,31,-52.08143210068158,22.405935260870127,550.0
912,22,32,-49.46111198787623,36.02621868292036,550.0
913,22,33,-45.42721592444504,47.931006179820805,550.0
914,22,34,-40.3319016338047,58.06559647405612,550.0
915,22,35,-34.479273043466264,66.68540448963893,550.0
916,22,36,-28.10033398134875,74.13067268497885,550.0
917,22,37,-21.362564100995442,80.71972202634429,550.0
918,22,38,-14.38784129795605,86.7205418160099,550.0
919,22,39,-7.268460210937667,92.355270296352,550.0
920,23,0,3.5202679722803474,109.53325070044744,550.0
921,23,1,10.688510951960533,115.05698177658765,550.0
922,23,2,17.756283983383945,120.84793034362629,550.0
923,23,3,24.64096611014235,127.11092694458284,550.0
924,23,4,31.23669196142149,134.09042404985206,550.0
925,23,5,37.40012489484677,142.08190930330707,550.0
926,23,6,42.93269765086757,151.42473382367075,550.0
927,23,7,47.56430356856657,162.4415147661995,550.0
928,23,8,50.95634285002957,175.2719021786634,550.0
929,23,9,52.75820480968688,-170.39648582835162,550.0
930,23,10,52.73448356269943,-155.4786833225051,550.0
931,23,11,50.89023344905302,-141.18487323885262,550.0
932,23,12,47.46821646732283,-128.41280198152228,550.0
933,23,13,42.82113675605917,-117.4565501754182,550.0
934,23,14,37.28617684892344,-108.16690550793223,550.0
935,23,15,31.130844519853802,-100.21907199346279,550.0
936,23,16,24.5511679055769,-93.27488696620252,550.0
937,23,17,17.688308233216688,-87.04093915978603,550.0
938,23,18,10.646248302697433,-81.27485931151541,550.0
939,23,19,3.5059685443661026,-75.77363370869038,550.0
940,23,20,-3.663963199586368,-70.35784011200388,550.0
941,23,21,-10.79895937970787,-64.85584269780264,550.0
942,23,22,-17.830596441553684,-59.08836949094134,550.0
943,23,23,-24.67821113168643,-52.85282000516448,550.0
944,23,24,-31.238314131349366,-45.90770265708251,550.0
945,23,25,-37.3706423832944,-37.96118395402829,550.0
946,23,26,-42.88054574145994,-28.67803479644301,550.0
947,23,27,-47.502910413211914,-17.73768367072671,550.0
948,23,28,-50.90417386514902,-4.995520104224578,550.0
949,23,29,-52.736180864708174,9.253769952644117,550.0
950,23,30,-52.759734772060966,24.12034860103647,550.0
951,23,31,-50.96983930382952,38.40709626908716,550.0
952,23,32,-47.59842719365996,51.20712349069034,550.0
953,23,33,-42.991539730567226,62.2076622433728,550.0
954,23,34,-37.484125976354164,71.54380000853904,550.0
955,23,35,-31.34384396912065,79.53387141283585,550.0
956,23,36,-24.767823213596998,86.51427010307552,550.0
957,23,37,-17.89852096530217,92.77885813810869,550.0
958,23,38,-10.84126301010599,98.57120689392717,550.0
959,23,39,-3.678351419959823,104.09571661163277,550.0
960,24,0,-0.07938015837909068,115.8145317178121,550.0
961,24,1,7.1123809968927665,121.27339648740472,550.0
962,24,2,14.239714131652336,126.90700481672293,550.0
963,24,3,21.2274373460032,132.90626049306863,550.0
964,24,4,27.982837652151606,139.4939096456542,550.0
965,24,5,34.383339621478854,146.93915735042663,550.0
966,24,6,40.26034515696506,155.56254438513452,550.0
967,24,7,45.38097895885864,165.70799809524473,550.0
968,24,8,49.43809425037329,177.63565306548637,550.0
969,24,9,52.0752781002394,-168.70602766915178,550.0
970,24,10,52.98067090114337,-153.93493762667714,550.0
971,24,11,52.02915041767972,-139.18416056679413,550.0
972,24,12,49.355196244416845,-125.57651128716114,550.0
973,24,13,45.27538081919566,-113.7100753024503,550.0
974,24,14,40.146110243096594,-103.62211812477325,550.0
975,24,15,34.272294405952785,-95.04712981052407,550.0
976,24,16,27.88416190921243,-87.6411215425334,550.0
977,24,17,21.147956142179055,-81.08537620356093,550.0
978,24,18,14.184215429551399,-75.11284022724834,550.0
979,24,19,7.083916610413562,-69.50271408829663,550.0
980,24,20,-0.07933461489114844,-64.06578105612893,550.0
981,24,21,-7.239924534359,-58.62845870317853,550.0
982,24,22,-14.332342595855112,-53.017212413202934,550.0
983,24,23,-21.28319388774531,-47.04310890847583,550.0
984,24,24,-28.001917785598035,-40.485942890156,550.0
985,24,25,-34.36861714872289,-33.079869735368206,550.0
986,24,26,-40.21818922940774,-24.508313591176947,550.0
987,24,27,-45.32219835086151,-14.430950036902585,550.0
988,24,28,-49.378743321580465,-2.586972994843234,550.0
989,24,29,-52.03562543701289,10.983064567464625,550.0
990,24,30,-52.98067431623795,25.684458505874805,550.0
991,24,31,-52.08143210068158,40.405944299502224,550.0
992,24,32,-49.46111198787623,54.02622601400516,550.0
993,24,33,-45.42721592444504,65.93101009581102,550.0
994,24,34,-40.3319016338047,76.06560380514092,550.0
995,24,35,-34.479273043466264,84.68541182072373,550.0
996,24,36,-28.10033398134875,92.13068001606365,550.0
997,24,37,-21.362564100995442,98.7197293574291,550.0
998,24,38,-14.38784129795605,104.7205491470947,550.0
999,24,39,-7.268460210937667,110.3552776274368,550.0
1000,25,0,3.5202679722803474,127.53323754096472,550.0
1001,25,1,10.688510951960533,133.05697544729412,550.0
1002,25,2,17.756283983383945,138.84792401433276,550.0
1003,25,3,24.64096611014235,145.1109206152893,550.0
1004,25,4,31.23669196142149,152.09041772055852,550.0
1005,25,5,37.40012489484677,160.08190297401353,550.0
1006,25,6,42.93269765086757,169.4247274943772,550.0
1007,25,7,47.56430356856657,-179.55848792062838,550.0
1008,25,8,50.95634285002957,-166.72811416854282,550.0
1009,25,9,52.75820480968688,-152.39649215764516,550.0
1010,25,10,52.73448356269943,-137.47868965179865,550.0
1011,25,11,50.89023344905302,-123.18487956814614,550.0
1012,25,12,47.46821646732283,-110.412815141005,550.0
1013,25,13,42.82113675605917,-99.45655650471173,550.0
1014,25,14,37.28617684892344,-90.16691183722577,550.0
1015,25,15,31.130844519853802,-82.21907832275632,550.0
1016,25,16,24.5511679055769,-75.27489329549606,550.0
1017,25,17,17.688308233216688,-69.04094548907958,550.0
1018,25,18,10.646248302697433,-63.274865640808954,550.0
1019,25,19,3.5059685443661026,-57.773640037983924,550.0
1020,25,20,-3.663963199586368,-52.357849856392,550.0
1021,25,21,-10.79895937970787,-46.85584561200159,550.0
1022,25,22,-17.830596441553684,-41.08837240514029,550.0
1023,25,23,-24.67821113168643,-34.85282633445802,550.0
1024,25,24,-31.238314131349366,-27.907707278828756,550.0
1025,25,25,-37.3706423832944,-19.96119199086912,550.0
1026,25,26,-42.88054574145994,-10.678041125736549,550.0
1027,25,27,-47.502910413211914,0.26230946637122576,550.0
1028,25,28,-50.90417386514902,13.004473566481884,550.0
1029,25,29,-52.736180864708174,27.253764477124225,550.0
1030,25,30,-52.759734772060966,42.120342271742935,550.0
1031,25,31,-50.96983930382952,56.40708993979362,550.0
1032,25,32,-47.59842719365996,69.20711716139681,550.0
1033,25,33,-42.991539730567226,80.20765591407927,550.0
1034,25,34,-37.484125976354164,89.54379367924551,550.0
1035,25,35,-31.34384396912065,97.53386508354231,550.0
1036,25,36,-24.767823213596998,104.51426377378198,550.0
1037,25,37,-17.89852096530217,110.77885180881515,550.0
1038,25,38,-10.84126301010599,116.5712073948228,550.0
1039,25,39,-3.678351419959823,122.09571028233924,550.0
1040,26,0,-0.07938015837909068,133.8145390488969,550.0
1041,26,1,7.1123809968927665,139.27340381848953,550.0
1042,26,2,14.239714131652336,144.90701214780773,550.0
1043,26,3,21.2274373460032,150.90626782415342,550.0
1044,26,4,27.982837652151606,157.49391697673903,550.0
1045,26,5,34.383339621478854,164.93916468151141,550.0
1046,26,6,40.26034515696506,173.5625517162193,550.0
1047,26,7,45.38097895885864,-176.2919909312048,550.0
1048,26,8,49.43809425037329,-164.36433596096313,550.0
1049,26,9,52.0752781002394,-150.706020338067,550.0
1050,26,10,52.98067090114337,-135.93493029559235,550.0
1051,26,11,52.02915041767972,-121.18415323570933,550.0
1052,26,12,49.355196244416845,-107.57650395607632,550.0
1053,26,13,45.27538081919566,-95.7100679713655,550.0
1054,26,14,40.146110243096594,-85.62211079368845,550.0
1055,26,15,34.272294405952785,-77.04712247943927,550.0
1056,26,16,27.88416190921243,-69.6411142114486,550.0
1057,26,17,21.147956142179055,-63.085368872476124,550.0
1058,26,18,14.184215429551399,-57.11283289616353,550.0
1059,26,19,7.083916610413562,-51.50270675721182,550.0
1060,26,20,-0.07933461489114844,-46.06577372504412,550.0
1061,26,21,-7.239924534359,-40.62845137209373,550.0
1062,26,22,-14.332342595855112,-35.01720508211813,550.0
1063,26,23,-21.28319388774531,-29.043101577391024,550.0
1064,26,24,-28.001917785598035,-22.485937266618485,550.0
1065,26,25,-34.36861714872289,-15.079862404283402,550.0
1066,26,26,-40.21818922940774,-6.508305833205322,550.0
1067,26,27,-45.32219835086151,3.569056653851983,550.0
1068,26,28,-49.378743321580465,15.413033909354747,550.0
1069,26,29,-52.03562543701289,28.983071044775784,550.0
1070,26,30,-52.98067431623795,43.68446583695961,550.0
1071,26,31,-52.08143210068158,58.405951630587026,550.0
1072,26,32,-49.46111198787623,72.02622992999538,550.0
1073,26,33,-45.42721592444504,83.93101742689582,550.0
1074,26,34,-40.3319016338047,94.06561113622573,550.0
1075,26,35,-34.479273043466264,102.68541915180855,550.0
1076,26,36,-28.10033398134875,110.13068734714845,550.0
1077,26,37,-21.362564100995442,116.7197366885139,550.0
1078,26,38,-14.38784129795605,122.72056330836868,550.0
1079,26,39,-7.268460210937667,128.35527812833243,550.0
1080,27,0,3.5202679722803474,145.5332312116712,550.0
1081,27,1,10.688510951960533,151.05696911800058,550.0
1082,27,2,17.756283983383945,156.84791768503922,550.0
1083,27,3,24.64096611014235,163.11091428599576,550.0
1084,27,4,31.23669196142149,170.090411391265,550.0
1085,27,5,37.40012489484677,178.08189664472,550.0
1086,27,6,42.93269765086757,-172.57527519245065,550.0
1087,27,7,47.56430356856657,-161.5584942499219,550.0
1088,27,8,50.95634285002957,-148.72812049783636,550.0
1089,27,9,52.75820480968688,-134.39649848693867,550.0
1090,27,10,52.73448356269943,-119.47869598109217,550.0
1091,27,11,50.89023344905302,-105.18488589743968,550.0
1092,27,12,47.46821646732283,-92.41282147029852,550.0
1093,27,13,42.82113675605917,-81.45656283400527,550.0
1094,27,14,37.28617684892344,-72.16691816651931,550.0
1095,27,15,31.130844519853802,-64.21908465204986,550.0
1096,27,16,24.5511679055769,-57.27489620969501,550.0
1097,27,17,17.688308233216688,-51.04095181837311,550.0
1098,27,18,10.646248302697433,-45.27487197010249,550.0
1099,27,19,3.5059685443661026,-39.773646367277465,550.0
1100,27,20,-3.663963199586368,-34.357856185685534,550.0
1101,27,21,-10.79895937970787,-28.855851941295125,550.0
1102,27,22,-17.830596441553684,-23.08838044198112,550.0
1103,27,23,-24.67821113168643,-16.85283437129885,550.0
1104,27,24,-31.238314131349366,-9.90771446189594,550.0
1105,27,25,-37.3706423832944,-1.9611974663890126,550.0
1106,27,26,-42.88054574145994,7.321952544969914,550.0
1107,27,27,-47.502910413211914,18.26230367068622,550.0
1108,27,28,-50.90417386514902,31.004468944735642,550.0
1109,27,29,-52.736180864708174,45.2537564402834,550.0
1110,27,30,-52.759734772060966,60.120335942449394,550.0
1111,27,31,-50.96983930382952,74.40708361050008,550.0
1112,27,32,-47.59842719365996,87.20711083210327,550.0
1113,27,33,-42.991539730567226,98.20764958478573,550.0
1114,27,34,-37.484125976354164,107.54378734995197,550.0
1115,27,35,-31.34384396912065,115.5338519240596,550.0
1116,27,36,-24.767823213596998,122.51425061429927,550.0
1117,27,37,-17.89852096530217,128.7788454795216,550.0
1118,27,38,-10.84126301010599,134.57120106552927,550.0
1119,27,39,-3.678351419959823,140.0957039530457,550.0
1120,28,0,-0.07938015837909068,151.81451905922503,550.0
1121,28,1,7.1123809968927665,157.27338382881766,550.0
1122,28,2,14.239714131652336,162.90699215813586,550.0
1123,28,3,21.2274373460032,168.90624783448155,550.0
1124,28,4,27.982837652151606,175.49389698706713,550.0
1125,28,5,34.383339621478854,-177.0608516656948,550.0
1126,28,6,40.26034515696506,-168.43746463098688,550.0
1127,28,7,45.38097895885864,-158.29201092087666,550.0
1128,28,8,49.43809425037329,-146.36435595063503,550.0
1129,28,9,52.0752781002394,-132.70604032773886,550.0
1130,28,10,52.98067090114337,-117.93495028526422,550.0
1131,28,11,52.02915041767972,-103.18417322538122,550.0
1132,28,12,49.355196244416845,-89.5765239457482,550.0
1133,28,13,45.27538081919566,-77.71008796103739,550.0
1134,28,14,40.146110243096594,-67.62213078336033,550.0
1135,28,15,34.272294405952785,-59.047142469111144,550.0
1136,28,16,27.88416190921243,-51.641134201120465,550.0
1137,28,17,21.147956142179055,-45.08539227724258,550.0
1138,28,18,14.184215429551399,-39.11285288583541,550.0
1139,28,19,7.083916610413562,-33.502726746883695,550.0
1140,28,20,-0.07933461489114844,-28.065793714715994,550.0
1141,28,21,-7.239924534359,-22.62846965421831,550.0
1142,28,22,-14.332342595855112,-17.01722507179001,550.0
1143,28,23,-21.28319388774531,-11.043122420836546,550.0
1144,28,24,-28.001917785598035,-4.485956829403539,550.0
1145,28,25,-34.36861714872289,2.9201180329315446,550.0
1146,28,26,-40.21818922940774,11.491674604009624,550.0
1147,28,27,-45.32219835086151,21.569037304510342,550.0
1148,28,28,-49.378743321580465,33.41301562723016,550.0
1149,28,29,-52.03562543701289,46.98305105510391,550.0
1150,28,30,-52.98067431623795,61.684449262382316,550.0
1151,28,31,-52.08143210068158,76.40593164091514,550.0
1152,28,32,-49.46111198787623,90.02620994032351,550.0
1153,28,33,-45.42721592444504,101.93099743722395,550.0
1154,28,34,-40.3319016338047,112.06559114655386,550.0
1155,28,35,-34.479273043466264,120.68539916213666,550.0
1156,28,36,-28.10033398134875,128.1306605272874,550.0
1157,28,37,-21.362564100995442,134.71971669884203,550.0
1158,28,38,-14.38784129795605,140.7205433186968,550.0
1159,28,39,-7.268460210937667,146.35525813866056,550.0
1160,29,0,3.5202679722803474,163.53323854275598,550.0
1161,29,1,10.688510951960533,169.0569764490854,550.0
1162,29,2,17.756283983383945,174.847925016124,550.0
1163,29,3,24.64096611014235,-178.88907474045376,550.0
1164,29,4,31.23669196142149,-171.90959129556288,550.0
1165,29,5,37.40012489484677,-163.91810604210787,550.0
1166,29,6,42.93269765086757,-154.57526786136586,550.0
1167,29,7,47.56430356856657,-143.5584869188371,550.0
1168,29,8,50.95634285002957,-130.72811316675154,550.0
1169,29,9,52.75820480968688,-116.39649115585388,550.0
1170,29,10,52.73448356269943,-101.47868865000737,550.0
1171,29,11,50.89023344905302,-87.18487856635488,550.0
1172,29,12,47.46821646732283,-74.41281413921372,550.0
1173,29,13,42.82113675605917,-63.456555502920466,550.0
1174,29,14,37.28617684892344,-54.1669108354345,550.0
1175,29,15,31.130844519853802,-46.219077320965056,550.0
1176,29,16,24.5511679055769,-39.274888878610206,550.0
1177,29,17,17.688308233216688,-33.0409444872883,550.0
1178,29,18,10.646248302697433,-27.274862931470395,550.0
1179,29,19,3.5059685443661026,-21.77363903619266,550.0
1180,29,20,-3.663963199586368,-16.357848854600732,550.0
1181,29,21,-10.79895937970787,-10.855846317757614,550.0
1182,29,22,-17.830596441553684,-5.088372684009494,550.0
1183,29,23,-24.67821113168643,1.147173493394483,550.0
1184,29,24,-31.238314131349366,8.092292869188864,550.0
1185,29,25,-37.3706423832944,16.038809010922144,550.0
1186,29,26,-42.88054574145994,25.321959876054716,550.0
1187,29,27,-47.502910413211914,36.262311001771025,550.0
1188,29,28,-50.90417386514902,49.004476275820444,550.0
1189,29,29,-52.736180864708174,63.25376718646279,550.0
1190,29,30,-52.759734772060966,78.1203432735342,550.0
1191,29,31,-50.96983930382952,92.4070909415849,550.0
1192,29,32,-47.59842719365996,105.20711816318807,550.0
1193,29,33,-42.991539730567226,116.20765008568137,550.0
1194,29,34,-37.484125976354164,125.54379468103677,550.0
1195,29,35,-31.34384396912065,133.53385925514442,550.0
1196,29,36,-24.767823213596998,140.5142579453841,550.0
1197,29,37,-17.89852096530217,146.77885281060642,550.0
1198,29,38,-10.84126301010599,152.57120839661408,550.0
1199,29,39,-3.678351419959823,158.0957112841305,550.0
1200,30,0,-0.07938015837909068,169.81452639030985,550.0
1201,30,1,7.1123809968927665,175.27339115990245,550.0
1202,30,2,14.239714131652336,-179.093010528692,550.0
1203,30,3,21.2274373460032,-173.0937548523463,550.0
1204,30,4,27.982837652151606,-166.5060920393824,550.0
1205,30,5,34.383339621478854,-159.06084433460998,550.0
1206,30,6,40.26034515696506,-150.4374572999021,550.0
1207,30,7,45.38097895885864,-140.29200358979188,550.0
1208,30,8,49.43809425037329,-128.3643486195502,550.0
1209,30,9,52.0752781002394,-114.70603299665406,550.0
1210,30,10,52.98067090114337,-99.9349497843686,550.0
1211,30,11,52.02915041767972,-85.18416589429641,550.0
1212,30,12,49.355196244416845,-71.5765166146634,550.0
1213,30,13,45.27538081919566,-59.71008062995258,550.0
1214,30,14,40.146110243096594,-49.62212686737011,550.0
1215,30,15,34.272294405952785,-41.047138553120924,550.0
1216,30,16,27.88416190921243,-33.64112687003566,550.0
1217,30,17,21.147956142179055,-27.08538494615778,550.0
1218,30,18,14.184215429551399,-21.112845554750603,550.0
1219,30,19,7.083916610413562,-15.502719415798891,550.0
1220,30,20,-0.07933461489114844,-10.065786383631192,550.0
1221,30,21,-7.239924534359,-4.628462750020331,550.0
1222,30,22,-14.332342595855112,0.9827817256862658,550.0
1223,30,23,-21.28319388774531,6.95688533713508,550.0
1224,30,24,-28.001917785598035,13.514050074794442,550.0
1225,30,25,-34.36861714872289,20.920124937129525,550.0
1226,30,26,-40.21818922940774,29.49168108132078,550.0
1227,30,27,-45.32219835086151,39.56904463559515,550.0
1228,30,28,-49.378743321580465,51.41302295831497,550.0
1229,30,29,-52.03562543701289,64.9830618012833,550.0
1230,30,30,-52.98067431623795,79.68445659346712,550.0
1231,30,31,-52.08143210068158,94.40593897199996,550.0
1232,30,32,-49.46111198787623,108.02621727140831,550.0
1233,30,33,-45.42721592444504,119.93100476830875,550.0
1234,30,34,-40.3319016338047,130.06559847763864,550.0
1235,30,35,-34.479273043466264,138.68540649322148,550.0
1236,30,36,-28.10033398134875,146.1306678583722,550.0
1237,30,37,-21.362564100995442,152.71972402992682,550.0
1238,30,38,-14.38784129795605,158.72055064978161,550.0
1239,30,39,-7.268460210937667,164.35526546974538,550.0
1240,31,0,3.5202679722803474,-178.46675048369354,550.0
1241,31,1,10.688510951960533,-172.9430262377425,550.0
1242,31,2,17.756283983383945,-167.15206401032552,550.0
1243,31,3,24.64096611014235,-160.88906740936895,550.0
1244,31,4,31.23669196142149,-153.90958396447806,550.0
1245,31,5,37.40012489484677,-145.91809871102308,550.0
1246,31,6,42.93269765086757,-136.57526053028104,550.0
1247,31,7,47.56430356856657,-125.5584795877523,550.0
1248,31,8,50.95634285002957,-112.72809900547757,550.0
1249,31,9,52.75820480968688,-98.39648382476908,550.0
1250,31,10,52.73448356269943,-83.47868131892257,550.0
1251,31,11,50.89023344905302,-69.18487123527008,550.0
1252,31,12,47.46821646732283,-56.41280339303434,550.0
1253,31,13,42.82113675605917,-45.456544756741074,550.0
1254,31,14,37.28617684892344,-36.1669035043497,550.0
1255,31,15,31.130844519853802,-28.21906828233296,550.0
1256,31,16,24.5511679055769,-21.274881547525403,550.0
1257,31,17,17.688308233216688,-15.0409371562035,550.0
1258,31,18,10.646248302697433,-9.274855600385592,550.0
1259,31,19,3.5059685443661026,-3.773632131994678,550.0
1260,31,20,-3.663963199586368,1.6421590100925996,550.0
1261,31,21,-10.79895937970787,7.144161440214012,550.0
1262,31,22,-17.830596441553684,12.911635073962133,550.0
1263,31,23,-24.67821113168643,19.147180290870757,550.0
1264,31,24,-31.238314131349366,26.09230105404731,550.0
1265,31,25,-37.3706423832944,34.03881804955424,550.0
1266,31,26,-42.88054574145994,43.32196720713952,550.0
1267,31,27,-47.502910413211914,54.26231833285583,550.0
1268,31,28,-50.90417386514902,67.00448360690525,550.0
1269,31,29,-52.736180864708174,81.25377451754758,550.0
1270,31,30,-52.759734772060966,96.120350604619,550.0
1271,31,31,-50.96983930382952,110.4070982726697,550.0
1272,31,32,-47.59842719365996,123.20711866408371,550.0
1273,31,33,-42.991539730567226,134.20765741676615,550.0
1274,31,34,-37.484125976354164,143.54380201212157,550.0
1275,31,35,-31.34384396912065,151.5338665862292,550.0
1276,31,36,-24.767823213596998,158.51426527646888,550.0
1277,31,37,-17.89852096530217,164.7788601416912,550.0
1278,31,38,-10.84126301010599,170.57121572769887,550.0
1279,31,39,-3.678351419959823,176.0957186152153,550.0
1280,32,0,-0.07938015837909068,-172.18546263613968,550.0
1281,32,1,7.1123809968927665,-166.72659786654708,550.0
1282,32,2,14.239714131652336,-161.0930031976072,550.0
1283,32,3,21.2274373460032,-155.09374752126152,550.0
1284,32,4,27.982837652151606,-148.50608470829758,550.0
1285,32,5,34.383339621478854,-141.0608370035252,550.0
1286,32,6,40.26034515696506,-132.43744996881728,550.0
1287,32,7,45.38097895885864,-122.29199625870706,550.0
1288,32,8,49.43809425037329,-110.36434811865459,550.0
1289,32,9,52.0752781002394,-96.70602566556926,550.0
1290,32,10,52.98067090114337,-81.9349424532838,550.0
1291,32,11,52.02915041767972,-67.1841585632116,550.0
1292,32,12,49.355196244416845,-53.57650586848401,550.0
1293,32,13,45.27538081919566,-41.710073298867776,550.0
1294,32,14,40.146110243096594,-31.622119536285307,550.0
1295,32,15,34.272294405952785,-23.04713122203612,550.0
1296,32,16,27.88416190921243,-15.641119538950859,550.0
1297,32,17,21.147956142179055,-9.085377615072977,550.0
1298,32,18,14.184215429551399,-3.112838437109213,550.0
1299,32,19,7.083916610413562,2.4972872749556774,550.0
1300,32,20,-0.07933461489114844,7.934220947453612,550.0
1301,32,21,-7.239924534359,13.371545007951296,550.0
1302,32,22,-14.332342595855112,18.9827895903796,550.0
1303,32,23,-21.28319388774531,24.956893095106707,550.0
1304,32,24,-28.001917785598035,31.514059113426537,550.0
1305,32,25,-34.36861714872289,38.92013226821433,550.0
1306,32,26,-40.21818922940774,47.49168841240559,550.0
1307,32,27,-45.32219835086151,57.56904855158536,550.0
1308,32,28,-49.378743321580465,69.41302687430519,550.0
1309,32,29,-52.03562543701289,82.9830691323681,550.0
1310,32,30,-52.98067431623795,97.68446392455192,550.0
1311,32,31,-52.08143210068158,112.40594630308476,550.0
1312,32,32,-49.46111198787623,126.02622460249312,550.0
1313,32,33,-45.42721592444504,137.93101209939357,550.0
1314,32,34,-40.3319016338047,148.06560580872346,550.0
1315,32,35,-34.479273043466264,156.68541382430627,550.0
1316,32,36,-28.10033398134875,164.130675189457,550.0
1317,32,37,-21.362564100995442,170.71973136101164,550.0
1318,32,38,-14.38784129795605,176.7205579808664,550.0
1319,32,39,-7.268460210937667,-177.64472355670415,550.0
1320,33,0,3.5202679722803474,-160.46674315260873,550.0
1321,33,1,10.688510951960533,-154.94301890665767,550.0
1322,33,2,17.756283983383945,-149.1520566792407,550.0
1323,33,3,24.64096611014235,-142.88906007828416,550.0
1324,33,4,31.23669196142149,-135.90957663339327,550.0
1325,33,5,37.40012489484677,-127.91809137993826,550.0
1326,33,6,42.93269765086757,-118.57525319919624,550.0
1327,33,7,47.56430356856657,-107.5584722566675,550.0
1328,33,8,50.95634285002957,-94.72809167439277,550.0
1329,33,9,52.75820480968688,-80.39647649368428,550.0
1330,33,10,52.73448356269943,-65.47867398783777,550.0
1331,33,11,50.89023344905302,-51.18486390418528,550.0
1332,33,12,47.46821646732283,-38.412796061949535,550.0
1333,33,13,42.82113675605917,-27.456539133203563,550.0
1334,33,14,37.28617684892344,-18.166896173264895,550.0
1335,33,15,31.130844519853802,-10.219061805021802,550.0
1336,33,16,24.5511679055769,-3.2748744298840102,550.0
1337,33,17,17.688308233216688,2.959069747994481,550.0
1338,33,18,10.646248302697433,8.725151730699212,550.0
1339,33,19,3.5059685443661026,14.226374772203302,550.0
1340,33,20,-3.663963199586368,19.642165807568873,550.0
1341,33,21,-10.79895937970787,25.144168344411995,550.0
1342,33,22,-17.830596441553684,30.911643258820583,550.0
1343,33,23,-24.67821113168643,37.14718932950285,550.0
1344,33,24,-31.238314131349366,44.09230667758482,550.0
1345,33,25,-37.3706423832944,52.03882538063905,550.0
1346,33,26,-42.88054574145994,61.32197112312974,550.0
1347,33,27,-47.502910413211914,72.26232224884605,550.0
1348,33,28,-50.90417386514902,85.00449093799006,550.0
1349,33,29,-52.736180864708174,99.25378184863239,550.0
1350,33,30,-52.759734772060966,114.12035793570381,550.0
1351,33,31,-50.96983930382952,128.4071056037545,550.0
1352,33,32,-47.59842719365996,141.20712599516852,550.0
1353,33,33,-42.991539730567226,152.20766474785097,550.0
1354,33,34,-37.484125976354164,161.5438093432064,550.0
1355,33,35,-31.34384396912065,169.53387391731403,550.0
1356,33,36,-24.767823213596998,176.5142726075537,550.0
1357,33,37,-17.89852096530217,-177.22112888475831,550.0
1358,33,38,-10.84126301010599,-171.42878695912898,550.0
1359,33,39,-3.678351419959823,-165.90427041123422,550.0
1360,34,0,-0.07938015837909068,-154.18548262581157,550.0
1361,34,1,7.1123809968927665,-148.72661785621895,550.0
1362,34,2,14.239714131652336,-143.09302318727907,550.0
1363,34,3,21.2274373460032,-137.0937675109334,550.0
1364,34,4,27.982837652151606,-130.50610469796945,550.0
1365,34,5,34.383339621478854,-123.06085699319706,550.0
1366,34,6,40.26034515696506,-114.43747678867832,550.0
1367,34,7,45.38097895885864,-104.2920230785681,550.0
1368,34,8,49.43809425037329,-92.36436810832646,550.0
1369,34,9,52.0752781002394,-78.70604565524113,550.0
1370,34,10,52.98067090114337,-63.934962442955666,550.0
1371,34,11,52.02915041767972,-49.18417513778889,550.0
1372,34,12,49.355196244416845,-35.57652585815589,550.0
1373,34,13,45.27538081919566,-23.710091580992362,550.0
1374,34,14,40.146110243096594,-13.622138672183539,550.0
1375,34,15,34.272294405952785,-5.047150357934351,550.0
1376,34,16,27.88416190921243,2.3588600444904406,550.0
1377,34,17,21.147956142179055,8.914602395255148,550.0
1378,34,18,14.184215429551399,14.887141786662323,550.0
1379,34,19,7.083916610413562,20.497267925614036,550.0
1380,34,20,-0.07933461489114844,25.934200957781734,550.0
1381,34,21,-7.239924534359,31.371523310732126,550.0
1382,34,22,-14.332342595855112,36.98276960070772,550.0
1383,34,23,-21.28319388774531,42.95687310543483,550.0
1384,34,24,-28.001917785598035,49.514039123754664,550.0
1385,34,25,-34.36861714872289,56.920112278542454,550.0
1386,34,26,-40.21818922940774,65.49167183782829,550.0
1387,34,27,-45.32219835086151,75.56902856191348,550.0
1388,34,28,-49.378743321580465,87.4130068846333,550.0
1389,34,29,-52.03562543701289,100.98304914269622,550.0
1390,34,30,-52.98067431623795,115.68444393488005,550.0
1391,34,31,-52.08143210068158,130.4059194832237,550.0
1392,34,32,-49.46111198787623,144.02620461282123,550.0
1393,34,33,-45.42721592444504,155.93099210972167,550.0
1394,34,34,-40.3319016338047,166.0655858190516,550.0
1395,34,35,-34.479273043466264,174.6853938346344,550.0
1396,34,36,-28.10033398134875,-177.8693411577492,550.0
1397,34,37,-21.362564100995442,-171.28028498619457,550.0
1398,34,38,-14.38784129795605,-165.27947202671814,550.0
1399,34,39,-7.268460210937667,-159.64474354637602,550.0
1400,35,0,3.5202679722803474,-142.4667631422806,550.0
1401,35,1,10.688510951960533,-136.94303889632954,550.0
1402,35,2,17.756283983383945,-131.15207666891257,550.0
1403,35,3,24.64096611014235,-124.88908006795603,550.0
1404,35,4,31.23669196142149,-117.90959662306514,550.0
1405,35,5,37.40012489484677,-109.91810453942097,550.0
1406,35,6,42.93269765086757,-100.57528001905729,550.0
1407,35,7,47.56430356856657,-89.55849224633937,550.0
1408,35,8,50.95634285002957,-76.72811166406466,550.0
1409,35,9,52.75820480968688,-62.396496483356145,550.0
1410,35,10,52.73448356269943,-47.478693977509636,550.0
1411,35,11,50.89023344905302,-33.184883893857155,550.0
1412,35,12,47.46821646732283,-20.412817759168707,550.0
1413,35,13,42.82113675605917,-9.456558269101794,550.0
1414,35,14,37.28617684892344,-0.1669158694520807,550.0
1415,35,15,31.130844519853802,7.780918205306322,550.0
1416,35,16,24.5511679055769,14.725105793887524,550.0
1417,35,17,17.688308233216688,20.959050185209428,550.0
1418,35,18,10.646248302697433,26.725131741027333,550.0
1419,35,19,3.5059685443661026,32.22635563630507,550.0
1420,35,20,-3.663963199586368,37.642145817896996,550.0
1421,35,21,-10.79895937970787,43.14415006228741,550.0
1422,35,22,-17.830596441553684,48.911623269148706,550.0
1423,35,23,-24.67821113168643,55.147169339830974,550.0
1424,35,24,-31.238314131349366,62.092286687912946,550.0
1425,35,25,-37.3706423832944,70.03880197587259,550.0
1426,35,26,-42.88054574145994,79.32195113345786,550.0
1427,35,27,-47.502910413211914,90.26230225917416,550.0
1428,35,28,-50.90417386514902,103.00447094831817,550.0
1429,35,29,-52.736180864708174,117.25376185896052,550.0
1430,35,30,-52.759734772060966,132.12033794603192,550.0
1431,35,31,-50.96983930382952,146.40708561408263,550.0
1432,35,32,-47.59842719365996,159.20710600549663,550.0
1433,35,33,-42.991539730567226,170.2076447581791,550.0
1434,35,34,-37.484125976354164,179.5437893535345,550.0
1435,35,35,-31.34384396912065,-172.4661424298922,550.0
1436,35,36,-24.767823213596998,-165.48574373965252,550.0
1437,35,37,-17.89852096530217,-159.22114887443018,550.0
1438,35,38,-10.84126301010599,-153.42880694880088,550.0
1439,35,39,-3.678351419959823,-147.9042904009061,550.0
1440,36,0,-0.07938015837909068,-136.18547529472676,550.0
1441,36,1,7.1123809968927665,-130.72661052513413,550.0
1442,36,2,14.239714131652336,-125.09301585619427,550.0
1443,36,3,21.2274373460032,-119.09376017984859,550.0
1444,36,4,27.982837652151606,-112.50609736688465,550.0
1445,36,5,34.383339621478854,-105.06085649230143,550.0
1446,36,6,40.26034515696506,-96.43746945759352,550.0
1447,36,7,45.38097895885864,-86.2920157474833,550.0
1448,36,8,49.43809425037329,-74.36436077724166,550.0
1449,36,9,52.0752781002394,-60.70603832415633,550.0
1450,36,10,52.98067090114337,-45.93495511187086,550.0
1451,36,11,52.02915041767972,-31.184167806704092,550.0
1452,36,12,49.355196244416845,-17.576518527071087,550.0
1453,36,13,45.27538081919566,-5.710084676794381,550.0
1454,36,14,40.146110243096594,4.3778686589012645,550.0
1455,36,15,34.272294405952785,12.952856973150451,550.0
1456,36,16,27.88416190921243,20.35886780246207,550.0
1457,36,17,21.147956142179055,26.91460972633995,550.0
1458,36,18,14.184215429551399,32.88714911774713,550.0
1459,36,19,7.083916610413562,38.49727525669884,550.0
1460,36,20,-0.07933461489114844,43.934208288866536,550.0
1461,36,21,-7.239924534359,49.37153064181693,550.0
1462,36,22,-14.332342595855112,54.98277693179252,550.0
1463,36,23,-21.28319388774531,60.95687702142505,550.0
1464,36,24,-28.001917785598035,67.51404303974488,550.0
1465,36,25,-34.36861714872289,74.92011960962725,550.0
1466,36,26,-40.21818922940774,83.4916791689131,550.0
1467,36,27,-45.32219835086151,93.56903589299829,550.0
1468,36,28,-49.378743321580465,105.4130142157181,550.0
1469,36,29,-52.03562543701289,118.98305647378102,550.0
1470,36,30,-52.98067431623795,133.68445126596484,550.0
1471,36,31,-52.08143210068158,148.40592681430851,550.0
1472,36,32,-49.46111198787623,162.02621194390605,550.0
1473,36,33,-45.42721592444504,173.9309994408065,550.0
1474,36,34,-40.3319016338047,-175.93440320739793,550.0
1475,36,35,-34.479273043466264,-167.31459519181513,550.0
1476,36,36,-28.10033398134875,-159.8693338266644,550.0
1477,36,37,-21.362564100995442,-153.28027765510978,550.0
1478,36,38,-14.38784129795605,-147.27946469563332,550.0
1479,36,39,-7.268460210937667,-141.64473621529123,550.0
1480,37,0,3.5202679722803474,-124.4667558111958,550.0
1481,37,1,10.688510951960533,-118.94303156524475,550.0
1482,37,2,17.756283983383945,-113.15207616801695,550.0
1483,37,3,24.64096611014235,-106.88907273687123,550.0
1484,37,4,31.23669196142149,-99.90958246179116,550.0
1485,37,5,37.40012489484677,-91.91809720833616,550.0
1486,37,6,42.93269765086757,-82.57527268797249,550.0
1487,37,7,47.56430356856657,-71.55848491525457,550.0
1488,37,8,50.95634285002957,-58.728104332979846,550.0
1489,37,9,52.75820480968688,-44.39648915227134,550.0
1490,37,10,52.73448356269943,-29.478686646424833,550.0
1491,37,11,50.89023344905302,-15.18487827031964,550.0
1492,37,12,47.46821646732283,-2.412810428083902,550.0
1493,37,13,42.82113675605917,8.543449061983008,550.0
1494,37,14,37.28617684892344,17.83309116814803,550.0
1495,37,15,31.130844519853802,25.780926390164772,550.0
1496,37,16,24.5511679055769,32.72511312497233,550.0
1497,37,17,17.688308233216688,38.95905751629423,550.0
1498,37,18,10.646248302697433,44.725137364564844,550.0
1499,37,19,3.5059685443661026,50.226362967389875,550.0
1500,37,20,-3.663963199586368,55.6421531489818,550.0
1501,37,21,-10.79895937970787,61.14415397827763,550.0
1502,37,22,-17.830596441553684,66.91162718513893,550.0
1503,37,23,-24.67821113168643,73.1471732558212,550.0
1504,37,24,-31.238314131349366,80.09229401899775,550.0
1505,37,25,-37.3706423832944,88.03880930695739,550.0
1506,37,26,-42.88054574145994,97.32195846454266,550.0
1507,37,27,-47.502910413211914,108.26230959025897,550.0
1508,37,28,-50.90417386514902,121.00447827940297,550.0
1509,37,29,-52.736180864708174,135.25376919004532,550.0
1510,37,30,-52.759734772060966,150.12034527711674,550.0
1511,37,31,-50.96983930382952,164.40709294516742,550.0
1512,37,32,-47.59842719365996,177.20711333658144,550.0
1513,37,33,-42.991539730567226,-171.79234426827043,550.0
1514,37,34,-37.484125976354164,-162.45619967291503,550.0
1515,37,35,-31.34384396912065,-154.4661350988074,550.0
1516,37,36,-24.767823213596998,-147.4857364085677,550.0
1517,37,37,-17.89852096530217,-141.22114154334537,550.0
1518,37,38,-10.84126301010599,-135.42879961771607,550.0
1519,37,39,-3.678351419959823,-129.9042830698213,550.0
1520,38,0,-0.07938015837909068,-118.18546796364195,550.0
1521,38,1,7.1123809968927665,-112.72660319404935,550.0
1522,38,2,14.239714131652336,-107.0930016949203,550.0
1523,38,3,21.2274373460032,-101.09374601857462,550.0
1524,38,4,27.982837652151606,-94.50609003579984,550.0
1525,38,5,34.383339621478854,-87.06084916121662,550.0
1526,38,6,40.26034515696506,-78.43746212650872,550.0
1527,38,7,45.38097895885864,-68.2920084163985,550.0
1528,38,8,49.43809425037329,-56.364353446156855,550.0
1529,38,9,52.0752781002394,-42.70603099307153,550.0
1530,38,10,52.98067090114337,-27.934946073238766,550.0
1531,38,11,52.02915041767972,-13.184162183166581,550.0
1532,38,12,49.355196244416845,0.4234879769204958,550.0
1533,38,13,45.27538081919566,12.2899222274036,550.0
1534,38,14,40.146110243096594,22.37787513621242,550.0
1535,38,15,34.272294405952785,30.95286345046161,550.0
1536,38,16,27.88416190921243,38.35887513354687,550.0
1537,38,17,21.147956142179055,44.914617057424756,550.0
1538,38,18,14.184215429551399,50.88715644883193,550.0
1539,38,19,7.083916610413562,56.497282587783644,550.0
1540,38,20,-0.07933461489114844,61.934215619951345,550.0
1541,38,21,-7.239924534359,67.37153797290173,550.0
1542,38,22,-14.332342595855112,72.98278426287733,550.0
1543,38,23,-21.28319388774531,78.95688435250985,550.0
1544,38,24,-28.001917785598035,85.51405037082968,550.0
1545,38,25,-34.36861714872289,92.92012694071205,550.0
1546,38,26,-40.21818922940774,101.4916864999979,550.0
1547,38,27,-45.32219835086151,111.56904322408309,550.0
1548,38,28,-49.378743321580465,123.41302154680291,550.0
1549,38,29,-52.03562543701289,136.98306380486582,550.0
1550,38,30,-52.98067431623795,151.68445859704966,550.0
1551,38,31,-52.08143210068158,166.4059341453933,550.0
1552,38,32,-49.46111198787623,-179.97377708254348,550.0
1553,38,33,-45.42721592444504,-168.06898958564304,550.0
1554,38,34,-40.3319016338047,-157.93439587631315,550.0
1555,38,35,-34.479273043466264,-149.31458786073034,550.0
1556,38,36,-28.10033398134875,-141.8693264955796,550.0
1557,38,37,-21.362564100995442,-135.28027032402497,550.0
1558,38,38,-14.38784129795605,-129.27945736454853,550.0
1559,38,39,-7.268460210937667,-123.64472888420643,550.0
1560,39,0,3.5202679722803474,-106.466748480111,550.0
1561,39,1,10.688510951960533,-100.94301740397077,550.0
1562,39,2,17.756283983383945,-95.15206883693214,550.0
1563,39,3,24.64096611014235,-88.88906540578643,550.0
1564,39,4,31.23669196142149,-81.90957513070636,550.0
1565,39,5,37.40012489484677,-73.91808987725136,550.0
1566,39,6,42.93269765086757,-64.57526535688768,550.0
1567,39,7,47.56430356856657,-53.558477584169765,550.0
1568,39,8,50.95634285002957,-40.728100416989626,550.0
1569,39,9,52.75820480968688,-26.396481821186537,550.0
1570,39,10,52.73448356269943,-11.478677607792736,550.0
1571,39,11,50.89023344905302,2.8151299145388093,550.0
1572,39,12,47.46821646732283,15.587196903000901,550.0
1573,39,13,42.82113675605917,26.543455539294165,550.0
1574,39,14,37.28617684892344,35.83309849923283,550.0
1575,39,15,31.130844519853802,43.780932013702284,550.0
1576,39,16,24.5511679055769,50.725120456057134,550.0
1577,39,17,17.688308233216688,56.95906484737903,550.0
1578,39,18,10.646248302697433,62.72514469564965,550.0
1579,39,19,3.5059685443661026,68.22637029847468,550.0
1580,39,20,-3.663963199586368,73.64216389516119,550.0
1581,39,21,-10.79895937970787,79.14416130936243,550.0
1582,39,22,-17.830596441553684,84.91163451622373,550.0
1583,39,23,-24.67821113168643,91.147180586906,550.0
1584,39,24,-31.238314131349366,98.09230135008255,550.0
1585,39,25,-37.3706423832944,106.03881663804219,550.0
1586,39,26,-42.88054574145994,115.32196579562746,550.0
1587,39,27,-47.502910413211914,126.26231692134377,550.0
1588,39,28,-50.90417386514902,139.0044856104878,550.0
1589,39,29,-52.736180864708174,153.25377652113013,550.0
1590,39,30,-52.759734772060966,168.12035260820153,550.0
1591,39,31,-50.96983930382952,-177.5928960812821,550.0
1592,39,32,-47.59842719365996,-164.79287568986808,550.0
1593,39,33,-42.991539730567226,-153.79233693718564,550.0
1594,39,34,-37.484125976354164,-144.45619234183022,550.0
1595,39,35,-31.34384396912065,-136.46612776772258,550.0
1596,39,36,-24.767823213596998,-129.48572907748292,550.0
1597,39,37,-17.89852096530217,-123.22113421226058,550.0
1598,39,38,-10.84126301010599,-117.42879228663126,550.0
1599,39,39,-3.678351419959823,-111.90428256892567,550.0