0.0 1.2691169284467714
0.034 1.2691169284467714
1.18 1.2804938271604938
1.237 1.2804938271604938
2.209 1.2786925714285715
2.334 1.2786925714285715
3.209 1.2779609455292908
3.334 1.2779609455292908
4.307 1.4094554794520548
4.442 1.4094554794520548
6.778 1.1133735255570119
6.834 1.1133735255570119
9.123 0.836139893301719
9.265 0.836139893301719
12.639 1.0370243246546877
12.766 1.0370243246546877
20.947 0.9256090082756749
21.041 0.9256090082756749
28.412 1.124080808080808
28.541 1.124080808080808
29.531 1.229382448537378
29.64 1.229382448537378
30.563 1.4835914489311164
30.813 1.4835914489311164
31.655 1.6319390862944163
31.724 1.6319390862944163
32.512 1.6749826378312518
32.63 1.6749826378312518
35.913 1.3425343137254901
36.033 1.3425343137254901
40.929 1.137784624865198
41.218 1.137784624865198
47.709 1.9142554455445544
47.818 1.9142554455445544
51.858 1.3798854917234664
51.922 1.3798854917234664
57.057 1.263659683351991
57.136 1.263659683351991
63.389 1.1386810477657934
63.529 1.1386810477657934
70.019 1.6174222222222223
70.12 1.6174222222222223
74.53 1.4086355760368663
74.64 1.4086355760368663
80.065 1.3655806736025393
80.131 1.3655806736025393
85.802 1.244524886877828
85.936 1.244524886877828
88.146 1.4453935742971886
88.233 1.4453935742971886
90.225 1.6708470847084709
90.327 1.6708470847084709
92.145 2.600189312977099
92.223 2.600189312977099
93.533 2.6512108843537416
93.614 2.6512108843537416
95.084 2.3335484257871064
95.12 2.3335484257871064
98.455 2.281264757451783
98.516 2.281264757451783
101.938 2.279005870841487
102.019 2.279005870841487
105.085 2.0152082343626287
105.221 2.0152082343626287
109.01 1.9772398771292936
109.122 1.9772398771292936
112.703 1.454624517035476
112.827 1.454624517035476
118.521 1.5834197530864198
118.635 1.5834197530864198
123.819 2.3927553865652724
123.921 2.3927553865652724
127.077 2.0709147727272725
127.31 2.0709147727272725
130.126 1.6054513577079323
130.232 1.6054513577079323
134.909 1.3531868950111692
135.023 1.3531868950111692
140.395 1.85697580444001
140.55 1.85697580444001
144.559 2.2297109144542775
144.621 2.2297109144542775
146.655 2.40259009668913
146.719 2.40259009668913
150.132 1.6465490013934045
150.227 1.6465490013934045
154.533 1.8394183191690274
154.623 1.8394183191690274
158.859 1.8780788249694003
158.921 1.8780788249694003
163.006 1.611261689909762
163.312 1.611261689909762
168.188 1.562256699576869
168.331 1.562256699576869
172.585 1.8550575342465754
172.621 1.8550575342465754
176.271 1.7408430232558139
176.326 1.7408430232558139
