0.0 1.5605236051502145
0.025 1.5605236051502145
0.957 1.5715151515151515
1.026 1.5715151515151515
1.818 1.5471312017640573
1.935 1.5471312017640573
3.749 1.5403771404992779
3.834 1.5403771404992779
8.681 1.5408680193236715
8.726 1.5408680193236715
13.901 1.541674074074074
14.039 1.541674074074074
16.739 1.7056444981862153
16.83 1.7056444981862153
18.484 3.360729425695678
18.523 3.360729425695678
20.212 1.6487829869502175
20.329 1.6487829869502175
24.467 1.9669367769706754
24.529 1.9669367769706754
28.246 2.06440197693575
28.315 2.06440197693575
31.957 1.994408695652174
32.219 1.994408695652174
35.899 2.2774527961515334
36.018 2.2774527961515334
39.344 3.2326050682261207
39.415 3.2326050682261207
41.98 5.245848363926576
42.106 5.245848363926576
43.359 3.4286722376973073
43.408 3.4286722376973073
45.562 3.060384645825089
45.612 3.060384645825089
48.139 3.436329776915616
48.209 3.436329776915616
50.271 5.510225941422594
50.308 5.510225941422594
51.742 6.051852683269028
51.806 6.051852683269028
54.657 6.914484745762712
54.706 6.914484745762712
57.066 6.243008963786303
57.108 6.243008963786303
59.897 7.436003347280335
60.006 7.436003347280335
62.396 7.460127737226277
62.506 7.460127737226277
64.698 4.647800212539852
64.806 4.647800212539852
68.57 4.1564284304047385
68.61 4.1564284304047385
72.662 3.8390833333333334
72.712 3.8390833333333334
77.704 4.5530689754689755
78.003 4.5530689754689755
81.468 5.923313215400625
81.51 5.923313215400625
84.393 3.7514886240520045
84.508 3.7514886240520045
89.123 4.607670754974108
89.212 4.607670754974108
92.881 5.750607764390897
92.908 5.750607764390897
95.896 5.391753921870194
96.006 5.391753921870194
99.257 6.611524394651246
99.307 6.611524394651246
102.074 3.646513134505234
102.113 3.646513134505234
107.176 4.1966195253241985
107.212 4.1966195253241985
111.299 5.371895068205666
111.604 5.371895068205666
114.463 5.883471232876713
114.509 5.883471232876713
117.429 5.1824408014571945
117.511 5.1824408014571945
120.805 5.632860892388451
120.908 5.632860892388451
123.956 7.25190369733448
124.006 7.25190369733448
126.332 7.628357922304671
126.406 7.628357922304671
128.697 7.670774514234072
128.807 7.670774514234072
131.02 6.413589595375723
131.109 6.413589595375723
133.877 3.8021919033773206
133.908 3.8021919033773206
138.379 3.3655520599250934
138.602 3.3655520599250934
143.942 3.4580383513334807
144.017 3.4580383513334807
148.554 3.2436681091251174
148.611 3.2436681091251174
153.926 2.3049163987138264
154.017 2.3049163987138264
