0.0 1.986896174863388
0.021 1.986896174863388
0.753 2.007483870967742
0.826 2.007483870967742
1.446 2.0051182795698925
1.526 2.0051182795698925
2.084 1.9831834130781498
2.132 1.9831834130781498
2.759 1.9901613394216133
2.82 1.9901613394216133
3.477 1.964379424256725
3.525 1.964379424256725
5.644 1.9950757367116496
5.728 1.9950757367116496
9.359 2.0223828367103693
9.421 2.0223828367103693
13.616 2.4453992831541216
13.723 2.4453992831541216
16.513 2.4419185036740148
16.616 2.4419185036740148
19.61 2.4522348336594915
19.718 2.4522348336594915
22.784 2.368320103259116
22.923 2.368320103259116
26.022 2.3058776255707762
26.124 2.3058776255707762
29.409 1.709967415962054
29.528 1.709967415962054
34.377 1.8102583310382816
34.613 1.8102583310382816
38.244 1.8787484100737726
38.325 1.8787484100737726
42.256 0.8881019751952227
42.324 0.8881019751952227
51.032 1.8117391971362822
51.134 1.8117391971362822
55.045 1.8728760369755866
55.123 1.8728760369755866
59.342 1.60235039028621
59.421 1.60235039028621
64.033 2.031567074907434
64.128 2.031567074907434
67.639 2.2886636717580116
67.721 2.2886636717580116
71.06 2.285775678866588
71.115 2.285775678866588
74.503 1.8855217039633323
74.808 1.8855217039633323
78.517 1.5069872036920495
78.625 1.5069872036920495
83.392 0.7447061241265928
83.585 0.7447061241265928
93.317 0.9426279960599759
93.467 0.9426279960599759
102.604 2.2977777777777777
102.726 2.2977777777777777
103.113 2.284089219330855
103.225 2.284089219330855
103.763 2.193062286105407
103.828 2.193062286105407
105.289 2.116482374768089
105.418 2.116482374768089
107.574 2.0525870967741935
107.62 2.0525870967741935
111.34 1.1296260370134015
111.613 1.1296260370134015
117.881 1.6621778045354203
117.934 1.6621778045354203
122.917 2.099347314578005
123.024 2.099347314578005
126.934 2.233521443359953
127.019 2.233521443359953
130.4 2.2542311557788945
130.522 2.2542311557788945
133.109 2.4058622236462672
133.218 2.4058622236462672
136.339 2.405466578424884
136.418 2.405466578424884
139.44 1.9689542449087545
139.518 1.9689542449087545
143.299 1.9604910077076791
143.426 1.9604910077076791
146.929 1.8262895322939867
147.214 1.8262895322939867
151.704 1.7958561296859168
151.827 1.7958561296859168
155.775 1.841156899810964
155.826 1.841156899810964
160.058 2.2990566376985315
160.118 2.2990566376985315
163.455 2.016558521560575
163.526 2.016558521560575
167.422 1.987986838169309
167.523 1.987986838169309
170.866 2.1192363067292646
170.92 2.1192363067292646
174.115 2.2006430868167204
174.22 2.2006430868167204
