0.0 0.8450947123765253
0.053 0.8450947123765253
1.774 0.8490040927694406
1.861 0.8490040927694406
3.327 0.8489044006069802
3.456 0.8489044006069802
4.774 0.8476182685753237
4.86 0.8476182685753237
6.327 0.8414002574002574
6.456 0.8414002574002574
8.01 1.29431592039801
8.169 1.29431592039801
11.385 1.9261153948417973
11.429 1.9261153948417973
15.19 2.04283554057308
15.318 2.04283554057308
19.471 2.094769419711391
19.521 2.094769419711391
22.778 2.164329188869153
22.821 2.164329188869153
26.199 2.3569128526645766
26.319 2.3569128526645766
29.509 1.6710892531876138
29.615 1.6710892531876138
34.007 3.011852087475149
34.122 3.011852087475149
36.637 3.49415592077539
36.713 3.49415592077539
39.086 3.0643580419580423
39.401 3.0643580419580423
41.546 2.1772877358490565
41.622 2.1772877358490565
45.014 3.970016427104723
45.109 3.970016427104723
47.057 3.9740392596747056
47.11 3.9740392596747056
48.893 3.7346663863779694
49.014 3.7346663863779694
53.771 2.632565151052792
53.817 2.632565151052792
60.371 4.519020769869842
60.415 4.519020769869842
64.026 4.037975881261596
64.11 4.037975881261596
68.422 4.716573248407643
68.514 4.716573248407643
72.282 4.477710843373494
72.408 4.477710843373494
76.06 6.460236336779912
76.107 6.460236336779912
78.815 6.2632383785793975
78.909 6.2632383785793975
81.598 7.838324744376278
81.898 7.838324744376278
84.343 7.904
84.406 7.904
86.402 8.14349642346209
86.505 8.14349642346209
88.602 8.147350588235295
88.706 8.147350588235295
90.831 6.487161933998466
90.905 6.487161933998466
93.511 6.428288814066592
93.607 6.428288814066592
96.28 4.444369168356998
96.406 4.444369168356998
100.35 4.097220156774916
100.412 4.097220156774916
104.877 4.035474535519126
104.911 4.035474535519126
109.486 4.020530707923113
109.802 4.020530707923113
114.068 4.6455680580762255
114.111 4.6455680580762255
117.417 5.4852286079182635
117.509 5.4852286079182635
120.641 5.78480515079634
120.708 5.78480515079634
123.659 6.240988731370411
123.707 6.240988731370411
126.458 6.054532663316583
126.508 6.054532663316583
129.294 4.3571598105210665
129.41 4.3571598105210665
133.421 4.357141683778234
133.513 4.357141683778234
137.409 4.969993281075028
137.511 4.969993281075028
141.083 5.413885350318471
141.401 5.413885350318471
144.541 5.553784919653894
144.611 5.553784919653894
147.847 6.06225656877898
147.908 6.06225656877898
150.496 6.498339992461364
150.607 6.498339992461364
153.26 6.49448697621744
153.306 6.49448697621744
