0.0 1.029305024769993
0.041 1.029305024769993
1.454 1.0372000000000001
1.549 1.0372000000000001
2.749 1.0331080332409972
2.843 1.0331080332409972
3.926 0.7960665813060179
4.043 0.7960665813060179
5.605 0.8223496855345912
5.76 0.8223496855345912
7.35 1.0957830802603037
7.441 1.0957830802603037
8.363 0.9771792828685258
8.441 0.9771792828685258
9.696 0.9299458511454566
9.87 0.9299458511454566
18.993 1.0173969579481061
19.141 1.0173969579481061
25.847 1.164559413826059
25.935 1.164559413826059
32.213 1.2248634590377112
32.35 1.2248634590377112
34.657 1.3218878306878308
34.914 1.3218878306878308
35.859 1.160620938628159
35.933 1.160620938628159
37.041 1.1228790007806402
37.137 1.1228790007806402
38.418 1.1301223805532272
38.547 1.1301223805532272
40.933 1.1598226444972288
41.04 1.1598226444972288
43.566 1.4829514860977948
43.638 1.4829514860977948
48.853 1.853927786499215
48.922 1.853927786499215
52.744 2.160695652173913
52.82 2.160695652173913
56.477 2.1168834144944144
56.525 2.1168834144944144
60.016 2.129203582089552
60.116 2.129203582089552
63.466 2.1334025683975435
63.525 2.1334025683975435
67.107 2.4908999678353165
67.222 2.4908999678353165
70.331 2.338147776663323
70.42 2.338147776663323
73.411 2.309163612986178
73.71 2.309163612986178
76.821 2.3439456662354465
76.92 2.3439456662354465
80.012 1.5693862973760933
80.117 1.5693862973760933
85.605 1.6760364741641338
85.726 1.6760364741641338
89.345 1.762714382785957
89.426 1.762714382785957
93.841 1.8649039655996178
93.922 1.8649039655996178
98.108 1.7312765113974233
98.223 1.7312765113974233
102.259 2.111037876693392
102.32 2.111037876693392
105.937 2.082498823529412
106.019 2.082498823529412
109.419 2.160874510827029
109.705 2.160874510827029
113.538 1.9062814677194613
113.624 1.9062814677194613
117.93 2.467822222222222
118.015 2.467822222222222
121.075 2.005397524071527
121.117 2.005397524071527
124.025 1.9985882352941176
124.12 1.9985882352941176
127.877 1.4599959831291422
127.923 1.4599959831291422
132.902 1.318798228520815
133.033 1.318798228520815
138.678 1.3051311288483467
138.731 1.3051311288483467
143.993 1.1024522721161603
144.152 1.1024522721161603
151.59 0.7955610412926392
151.926 0.7955610412926392
160.838 0.8457371106045805
160.966 0.8457371106045805
170.179 1.1144888268156423
170.248 1.1144888268156423
173.112 1.0778077317824155
173.25 1.0778077317824155
176.173 0.8138979717271051
176.267 0.8138979717271051
179.521 0.7755728395061728
179.668 0.7755728395061728
182.908 0.7441259320629661
183.07 0.7441259320629661
