0.0 2.2036484848484847
0.02 2.2036484848484847
0.68 2.230537634408602
0.723 2.230537634408602
1.281 2.219952380952381
1.319 2.219952380952381
1.823 2.2020713012477717
1.922 2.2020713012477717
4.166 2.2614838343732275
4.224 2.2614838343732275
7.75 2.266076379066478
7.816 2.266076379066478
10.644 2.236529793146033
10.716 2.236529793146033
13.955 1.9785205223880595
14.021 1.9785205223880595
18.309 2.218031209362809
18.423 2.218031209362809
21.499 2.226280146163216
21.617 2.226280146163216
24.901 2.249043374214777
25.018 2.249043374214777
28.361 2.258284307692308
28.417 2.258284307692308
31.667 2.026975648916243
31.908 2.026975648916243
35.645 2.2289333333333334
35.719 2.2289333333333334
39.439 2.258779381443299
39.517 2.258779381443299
42.427 2.2647531432076047
42.515 2.2647531432076047
45.776 2.143456762749446
45.819 2.143456762749446
49.427 2.101338078291815
49.52 2.101338078291815
52.892 2.0953762927605406
53.018 2.0953762927605406
56.789 2.268971446116058
56.919 2.268971446116058
60.176 2.1806273310914093
60.216 2.1806273310914093
63.487 1.9066487025948105
63.807 1.9066487025948105
67.815 1.7636547483488956
67.926 1.7636547483488956
72.317 2.0801308744794764
72.419 2.0801308744794764
75.781 2.1011430242761038
75.82 2.1011430242761038
79.239 2.214323250840208
79.322 2.214323250840208
82.595 2.2803261848027536
82.715 2.2803261848027536
86.492 2.1936983725135626
86.621 2.1936983725135626
89.386 1.974723166708957
89.421 1.974723166708957
93.362 2.0345290591608025
93.421 2.0345290591608025
97.258 2.127072146118721
97.511 2.127072146118721
100.796 2.1960379637618637
100.921 2.1960379637618637
104.398 2.2825583494519663
104.516 2.2825583494519663
107.618 2.1767758212877792
107.721 2.1767758212877792
111.526 2.1658174142480213
111.621 2.1658174142480213
115.411 2.224966411314084
115.521 2.224966411314084
118.915 2.201470743676859
119.021 2.201470743676859
121.67 2.1768545362392295
121.724 2.1768545362392295
129.616 2.1768630451415456
129.722 2.1768630451415456
137.564 2.0968441621885687
137.632 2.0968441621885687
145.82 2.168671637953201
145.92 2.168671637953201
153.698 2.106896197327852
153.82 2.106896197327852
157.712 2.226072213500785
157.818 2.226072213500785
161.003 2.2313218785796107
161.119 2.2313218785796107
164.611 2.2644486422668244
164.721 2.2644486422668244
168.109 2.0433061118335503
168.217 2.0433061118335503
172.062 2.1362391513982644
172.119 2.1362391513982644
175.23 2.238333884297521
175.32 2.238333884297521
178.345 2.2780789348549693
178.417 2.2780789348549693
