0.0 5.157475177304965
0.01 5.157475177304965
0.292 5.073004769475357
0.41 5.073004769475357
1.039 5.093459165154265
1.109 5.093459165154265
1.66 5.081129568106312
1.709 5.081129568106312
2.311 5.066068614993647
2.412 5.066068614993647
3.986 5.0530253741054
4.111 5.0530253741054
7.185 5.670262812089356
7.309 5.670262812089356
10.353 5.874118627765309
10.405 5.874118627765309
13.524 5.8125669848002826
13.606 5.8125669848002826
16.435 5.813604020100502
16.51 5.813604020100502
19.495 5.75767417218543
19.608 5.75767417218543
22.628 5.78192368511516
22.709 5.78192368511516
25.618 5.738864935064935
25.708 5.738864935064935
28.788 5.883325145442793
29.099 5.883325145442793
32.193 5.95294693877551
32.307 5.95294693877551
35.002 5.84715246179966
35.109 5.84715246179966
38.054 5.77475157629256
38.106 5.77475157629256
41.278 3.7989614941203595
41.305 3.7989614941203595
45.642 4.082216911764706
45.714 4.082216911764706
50.066 2.9076225143242334
50.12 2.9076225143242334
56.054 4.405557235421166
56.11 4.405557235421166
59.814 4.287552819502586
59.911 4.287552819502586
63.972 5.133462738301559
64.203 5.133462738301559
67.665 1.6134780463739518
67.707 1.6134780463739518
77.842 4.4379299847793
77.909 4.4379299847793
81.851 3.012314076193883
81.91 3.012314076193883
87.501 2.0638276976093044
87.622 2.0638276976093044
96.908 2.1372713178294576
97.022 2.1372713178294576
99.86 5.790464285714285
99.907 5.790464285714285
101.251 5.791163204747774
101.306 5.791163204747774
102.654 2.033594877764843
102.706 2.033594877764843
106.142 1.9740496380558428
106.225 1.9740496380558428
110.093 4.4643732660781845
110.225 4.4643732660781845
111.811 5.731925259515571
111.906 5.731925259515571
113.351 5.80102332155477
113.407 5.80102332155477
114.822 5.794454054054054
114.905 5.794454054054054
117.865 5.417371428571428
117.909 5.417371428571428
120.744 5.1099750148720995
120.808 5.1099750148720995
124.17 5.168319709355131
124.208 5.168319709355131
127.511 3.693838209982788
127.607 3.693838209982788
132.255 3.6455431164901664
132.313 3.6455431164901664
136.94 1.4485344384583507
137.045 1.4485344384583507
149.11 4.270546918238994
149.215 4.270546918238994
153.19 5.350456901748041
153.501 5.350456901748041
156.819 2.9049213943950787
156.908 2.9049213943950787
162.76 2.379143235371988
162.818 2.379143235371988
170.372 2.3774996211547204
170.417 2.3774996211547204
177.016 2.3808715376226828
177.122 2.3808715376226828
181.707 2.268371212121212
181.819 2.268371212121212
