0.0 2.0005612104539203
0.021 2.0005612104539203
0.748 2.0205194805194804
0.833 2.0205194805194804
1.449 2.0123309352517986
1.522 2.0123309352517986
2.078 2.0120647249190937
2.12 2.0120647249190937
2.738 1.9822323901264298
2.828 1.9822323901264298
4.489 2.0520217739353184
4.63 2.0520217739353184
7.753 2.1515057915057914
7.819 2.1515057915057914
11.186 2.1225659244433324
11.317 2.1225659244433324
15.314 2.2871820315119007
15.421 2.2871820315119007
18.404 2.1327607934655775
18.527 2.1327607934655775
21.955 2.0695161023947155
22.023 2.0695161023947155
25.656 2.0715280835450183
25.717 2.0715280835450183
29.26 2.194324449594438
29.322 2.194324449594438
32.774 2.0452964972866305
33.005 2.0452964972866305
37.059 2.0722093316519543
37.126 2.0722093316519543
40.298 2.053199888796219
40.424 2.053199888796219
44.021 2.0092470771628994
44.118 2.0092470771628994
47.967 1.8163834914124584
48.034 1.8163834914124584
51.935 2.4053771689497716
52.019 2.4053771689497716
55.304 2.4001429035401105
55.422 2.4001429035401105
58.501 2.2752255183413075
58.619 2.2752255183413075
61.754 2.07040043348686
61.821 2.07040043348686
65.512 2.068431623931624
65.807 2.068431623931624
69.551 1.9334807851810891
69.617 1.9334807851810891
73.234 2.1664077201447527
73.321 2.1664077201447527
76.637 2.1391617473435653
76.718 2.1391617473435653
80.106 2.0453080028496795
80.222 2.0453080028496795
84.433 1.936028088094478
84.523 1.936028088094478
87.656 2.188521934758155
87.723 2.188521934758155
91.279 2.0706864721485414
91.319 2.0706864721485414
95.089 2.0551270588235293
95.22 2.0551270588235293
98.62 2.092525075363113
98.911 2.092525075363113
102.56 2.1907475247524753
102.618 2.1907475247524753
105.85 2.1894348400740156
105.92 2.1894348400740156
109.703 2.2637749586321014
109.821 2.2637749586321014
113.447 2.2987933028919327
113.523 2.2987933028919327
116.808 2.299564668769716
116.925 2.299564668769716
119.461 2.114689315608075
119.526 2.114689315608075
127.65 2.20327310273619
127.73 2.20327310273619
135.478 2.3451659609342985
135.523 2.3451659609342985
142.844 2.4439857651245553
143.109 2.4439857651245553
145.919 2.401886350322203
146.02 2.401886350322203
149.434 2.2819568715803027
149.526 2.2819568715803027
152.633 2.2863192488262913
152.72 2.2863192488262913
156.128 2.205217591261857
156.226 2.205217591261857
159.705 2.044369502992454
159.819 2.044369502992454
163.662 2.0499198025909933
163.723 2.0499198025909933
166.965 2.066837606837607
167.02 2.066837606837607
170.296 2.0658904700301854
170.428 2.0658904700301854
