0.0 0.9311190781049936
0.06 0.9311190781049936
1.622 0.9316167664670659
1.752 0.9316167664670659
3.088 0.93471679197995
3.244 0.93471679197995
4.441 0.9363373493975904
4.545 0.9363373493975904
5.873 0.9253616418966737
5.951 0.9253616418966737
7.364 0.9354740740740741
7.455 0.9354740740740741
8.535 1.7798965299684542
8.665 1.7798965299684542
10.25 1.848746132054914
10.327 1.848746132054914
14.916 1.4935779334500876
15.035 1.4935779334500876
19.603 1.940829307140961
19.724 1.940829307140961
23.491 2.133527809307605
23.621 2.133527809307605
27.145 2.166299881936246
27.218 2.166299881936246
30.606 1.7673373775081662
30.724 1.7673373775081662
35.01 2.486992201559688
35.121 2.486992201559688
38.455 2.441696879643388
38.518 2.441696879643388
41.21 2.4222236798950476
41.502 2.4222236798950476
44.551 1.4744693994280267
44.632 1.4744693994280267
49.877 2.173531288343558
49.93 2.173531288343558
53.19 1.5643761631360125
53.314 1.5643761631360125
58.365 2.3065043695380774
58.438 2.3065043695380774
61.642 2.3158545454545454
61.718 2.3158545454545454
64.798 1.7616062701705855
64.919 1.7616062701705855
69.257 1.2915623749166112
69.342 1.2915623749166112
75.338 0.6577071381548011
75.43 0.6577071381548011
86.063 1.1844695795548228
86.314 1.1844695795548228
92.379 1.058902837489252
92.446 1.058902837489252
93.609 1.046159597411934
93.746 1.046159597411934
95.137 1.0739613526570049
95.24 1.0739613526570049
96.068 2.311088023088023
96.12 2.311088023088023
97.506 1.961429145728643
97.62 1.961429145728643
101.6 1.2482015005359057
101.725 1.2482015005359057
107.323 0.9648248673237302
107.439 0.9648248673237302
115.353 1.259202560910546
115.45 1.259202560910546
121.073 2.635830806065443
121.117 2.635830806065443
122.37 1.970342774843975
122.419 1.970342774843975
126.585 1.6480872981230903
126.725 1.6480872981230903
131.307 1.8601901116427433
131.435 1.8601901116427433
134.57 2.764615611192931
134.618 2.764615611192931
137.334 1.922083553675304
137.419 1.922083553675304
141.201 1.3609901279707497
141.337 1.3609901279707497
146.807 1.5948908499767764
146.931 1.5948908499767764
151.237 1.5736019957781615
151.323 1.5736019957781615
156.534 2.188283950617284
156.806 2.188283950617284
160.046 1.8861718712176228
160.121 1.8861718712176228
164.252 1.2891870273903545
164.314 1.2891870273903545
170.265 2.908741947426879
170.316 2.908741947426879
173.017 3.2657690417690417
173.116 3.2657690417690417
175.151 1.6834808552958727
175.212 1.6834808552958727
179.234 1.2125537838521894
179.346 1.2125537838521894
