0.0 4.367591591591591
0.009 4.367591591591591
0.342 4.382535211267606
0.409 4.382535211267606
0.693 4.37053125
0.808 4.37053125
1.064 3.91515888830624
1.111 3.91515888830624
3.018 1.9154436704299782
3.121 1.9154436704299782
7.284 1.8041846846846847
7.319 1.8041846846846847
10.871 2.0991364821790786
10.925 2.0991364821790786
14.376 2.196193631892312
14.417 2.196193631892312
18.28 2.231086984957489
18.316 2.231086984957489
21.374 2.149060552616108
21.415 2.149060552616108
24.817 2.1555481651376147
24.921 2.1555481651376147
28.409 2.1733562333432044
28.707 2.1733562333432044
32.084 1.5250267767263943
32.12 1.5250267767263943
37.087 1.4579975382451205
37.226 1.4579975382451205
42.913 1.8926138784912179
43.019 1.8926138784912179
46.492 1.9373976915005247
46.623 1.9373976915005247
50.435 2.131640573318633
50.517 2.131640573318633
54.145 1.9622575463860426
54.222 1.9622575463860426
57.833 1.904015421686747
57.923 1.904015421686747
62.073 1.8364910536779324
62.122 1.8364910536779324
66.146 1.9813422222222223
66.414 1.9813422222222223
70.014 2.2529033018867928
70.119 2.2529033018867928
73.511 2.209474465049929
73.616 2.209474465049929
77.121 2.1684961240310074
77.218 2.1684961240310074
80.443 1.9872221300138313
80.519 1.9872221300138313
84.134 1.8338765182186234
84.22 1.8338765182186234
88.172 1.8518150935282736
88.225 1.8518150935282736
92.876 2.1075663655316195
92.919 2.1075663655316195
95.797 2.1228543371522095
95.921 2.1228543371522095
99.587 2.1411102578167855
99.91 2.1411102578167855
103.556 2.138791551882461
103.621 2.138791551882461
106.888 2.1442358887952824
107.019 2.1442358887952824
110.58 1.5319117265253137
110.617 1.5319117265253137
115.239 1.5078521754960859
115.333 1.5078521754960859
120.826 1.2702643144537293
120.929 1.2702643144537293
127.391 1.5314410870006083
127.526 1.5314410870006083
132.457 1.3731330350835884
132.539 1.3731330350835884
136.786 2.04429512659951
136.828 2.04429512659951
140.501 2.132390730419478
140.807 2.132390730419478
144.216 2.054253863134658
144.32 2.054253863134658
147.944 2.1183220234423197
148.018 2.1183220234423197
151.26 2.153371848739496
151.319 2.153371848739496
155.127 2.1622254283137963
155.225 2.1622254283137963
157.443 2.1619800221975582
157.519 2.1619800221975582
161.123 2.1520201963534364
161.22 2.1520201963534364
164.785 2.1436594815825374
164.817 2.1436594815825374
168.482 2.1472827140549273
168.519 2.1472827140549273
171.614 2.1440658644711843
171.907 2.1440658644711843
175.065 2.1541366906474817
175.119 2.1541366906474817
