0.0 3.857846153846154
0.011 3.857846153846154
0.388 3.8773831775700933
0.511 3.8773831775700933
0.832 3.8849166666666664
0.911 3.8849166666666664
1.199 3.8140149625935162
1.313 3.8140149625935162
2.115 3.7953317467872445
2.21 3.7953317467872445
4.311 3.789748078060319
4.41 3.789748078060319
6.101 3.97155701754386
6.21 3.97155701754386
8.034 4.155449308233159
8.111 4.155449308233159
12.52 4.066209693372898
12.612 4.066209693372898
16.656 4.08032165530214
16.711 4.08032165530214
20.964 3.977167429094236
21.013 3.977167429094236
25.385 3.82264
25.511 3.82264
29.911 3.996315622880398
30.011 3.996315622880398
34.434 4.1025485688528285
34.51 4.1025485688528285
38.947 4.122094552929085
39.01 4.122094552929085
42.902 4.111715377268386
43.203 4.111715377268386
47.391 4.144233484162896
47.509 4.144233484162896
51.929 4.0964932869219295
52.01 4.0964932869219295
56.032 4.13446776821038
56.109 4.13446776821038
60.406 4.022809979016087
60.51 4.022809979016087
64.799 3.6473366115333032
64.912 3.6473366115333032
69.386 3.9536221616712077
69.513 3.9536221616712077
73.917 3.5206117274167985
74.01 3.5206117274167985
79.058 3.542590987868284
79.113 3.542590987868284
83.729 3.987763847731935
84.003 3.987763847731935
88.39 4.099768257059396
88.507 4.099768257059396
92.615 3.940111842105263
92.708 3.940111842105263
97.572 3.9021479099678458
97.612 3.9021479099678458
101.655 4.081479923518165
101.711 4.081479923518165
105.895 4.051748186285982
106.013 4.051748186285982
110.286 4.115273612463485
110.412 4.115273612463485
114.52 4.126516810758886
114.61 4.126516810758886
118.774 4.126316384180791
118.812 4.126316384180791
123.06 4.125865584122688
123.302 4.125865584122688
127.736 4.100909817858729
127.809 4.100909817858729
132.311 4.087603431839847
132.409 4.087603431839847
136.605 4.103192091904889
136.712 4.103192091904889
140.455 4.123796447431588
140.509 4.123796447431588
144.675 4.163648780487805
144.809 4.163648780487805
148.909 4.147091787439614
149.011 4.147091787439614
153.151 4.18757327080891
153.212 4.18757327080891
155.771 4.164570848146267
155.809 4.164570848146267
157.778 4.160821596244132
157.809 4.160821596244132
159.513 4.096622502628812
159.608 4.096622502628812
161.51 3.9854296103896103
161.61 3.9854296103896103
163.535 3.8380615534929166
163.611 3.8380615534929166
165.658 3.6915576470588234
165.711 3.6915576470588234
169.961 3.7848728869374315
170.013 3.7848728869374315
174.568 4.103493381037567
174.61 4.103493381037567
