0.0 4.155451428571428
0.01 4.155451428571428
0.36 4.106718146718146
0.415 4.106718146718146
1.192 4.097074452554744
1.311 4.097074452554744
1.996 4.0948326639892905
2.109 4.0948326639892905
2.856 4.091324781939456
2.913 4.091324781939456
4.862 3.004436943272386
4.911 3.004436943272386
7.044 3.6828266395526184
7.114 3.6828266395526184
9.081 4.086655105973025
9.109 4.086655105973025
11.185 3.8755012962526516
11.312 3.8755012962526516
15.555 3.708828382132934
15.61 3.708828382132934
20.289 2.9753894592744694
20.413 2.9753894592744694
26.257 2.978504692757216
26.316 2.978504692757216
31.963 2.976208789358478
32.012 2.976208789358478
37.951 2.9804572250179726
38.015 2.9804572250179726
40.797 2.9877490909090905
40.911 2.9877490909090905
43.111 2.985189975747777
43.21 2.985189975747777
45.684 3.3510272395394556
45.718 3.3510272395394556
49.279 4.197696682464455
49.31 4.197696682464455
50.998 4.052135384615385
51.11 4.052135384615385
53.06 3.905940803382664
53.11 3.905940803382664
55.002 3.957842347804996
55.11 3.957842347804996
59.233 4.018405723517193
59.31 4.018405723517193
63.643 4.040020004546488
63.711 4.040020004546488
68.11 3.971005342399223
68.21 3.971005342399223
72.328 3.8850366422385076
72.412 3.8850366422385076
76.915 4.132968834355828
77.008 4.132968834355828
81.083 3.953115511551155
81.211 3.953115511551155
86.059 3.9274045307443366
86.111 3.9274045307443366
90.128 4.01809694117647
90.402 4.01809694117647
94.652 4.03381174277726
94.711 4.03381174277726
99.003 3.914226441305858
99.111 3.914226441305858
103.43 4.007186567164179
103.51 4.007186567164179
107.798 4.028635256262928
107.91 4.028635256262928
112.261 3.9683488069414317
112.31 3.9683488069414317
116.92 4.0372394489394265
117.012 4.0372394489394265
121.585 3.6338101694915252
121.709 3.6338101694915252
126.429 3.9199203675344565
126.514 3.9199203675344565
130.432 3.9439247015610652
130.703 3.9439247015610652
135.059 3.841350135013501
135.11 3.841350135013501
139.554 3.992781395348837
139.614 3.992781395348837
143.914 4.005682260745666
144.01 4.005682260745666
148.221 3.637162955254943
148.312 3.637162955254943
153.117 4.007418319169028
153.21 4.007418319169028
157.446 4.032897773739209
157.513 4.032897773739209
161.915 3.63861301369863
162.015 3.63861301369863
166.687 4.032319497419789
166.813 4.032319497419789
171.27 3.6759887535145266
171.503 3.6759887535145266
175.771 3.764213100436681
175.815 3.764213100436681
180.395 3.9549186206896554
180.512 3.9549186206896554
