0.0 1.986896174863388
0.024 1.986896174863388
0.756 2.0139805825242716
0.824 2.0139805825242716
1.442 2.0051182795698925
1.524 2.0051182795698925
2.082 1.9683655083655083
2.13 1.9683655083655083
3.684 1.9715497005988025
3.719 1.9715497005988025
5.389 2.038964047088769
5.531 2.038964047088769
8.674 3.1940564373897704
8.714 3.1940564373897704
10.982 3.191834462001505
11.013 3.191834462001505
13.671 3.228899195456697
13.709 3.228899195456697
15.822 3.2962596934174933
15.915 3.2962596934174933
18.133 3.4066841866787496
18.215 3.4066841866787496
20.422 3.7426945436002037
20.511 3.7426945436002037
22.472 3.4241968229368465
22.513 3.4241968229368465
27.675 4.0059436619718305
27.717 4.0059436619718305
32.261 4.010797999999999
32.313 4.010797999999999
36.313 4.02898081422555
36.409 4.02898081422555
40.683 3.65181658692185
40.812 3.65181658692185
45.828 4.197731464968153
45.91 4.197731464968153
49.835 4.019413574660634
49.912 4.019413574660634
54.332 3.7787630310994307
54.41 3.7787630310994307
58.976 4.145880081300813
59.202 4.145880081300813
63.138 4.040787189603156
63.21 4.040787189603156
67.519 4.059398812243034
67.614 4.059398812243034
71.992 4.454535548896758
72.11 4.454535548896758
75.781 4.488024628014366
75.81 4.488024628014366
79.708 4.376779625779625
79.811 4.376779625779625
83.659 4.269259077745601
83.711 4.269259077745601
88.2 4.420393387503503
88.312 4.420393387503503
91.881 4.278855424705587
91.91 4.278855424705587
95.901 4.2475760549558395
96.202 4.2475760549558395
100.278 4.389910153206959
100.312 4.389910153206959
104.163 4.500475641697224
104.209 4.500475641697224
108.027 2.814481695568401
108.11 2.814481695568401
114.338 3.652972843450479
114.416 3.652972843450479
119.424 4.060324609632724
119.51 4.060324609632724
124.057 4.168064155528554
124.112 4.168064155528554
128.227 3.961374258447253
128.311 3.961374258447253
132.188 3.9795543201297194
132.314 3.9795543201297194
136.631 4.45600626468285
136.902 4.45600626468285
140.733 4.225685454097958
140.813 4.225685454097958
144.876 3.662959391965255
144.914 3.662959391965255
149.519 3.9468310749774163
149.615 3.9468310749774163
154.043 4.0514138424821
154.113 4.0514138424821
158.303 4.105646623496762
158.413 4.105646623496762
162.737 4.120116335433834
162.813 4.120116335433834
166.939 4.037755111210964
167.013 4.037755111210964
171.464 3.865267307218527
171.513 3.865267307218527
175.572 3.948716445258818
175.804 3.948716445258818
180.17 4.515458267716536
180.213 4.515458267716536
