0.0 3.1143640256959317
0.015 3.1143640256959317
0.482 3.1115999999999997
0.516 3.1115999999999997
0.916 3.077298245614035
1.021 3.077298245614035
1.933 3.067464256368118
2.017 3.067464256368118
4.451 3.06692
4.511 3.06692
7.111 3.1230331384015595
7.214 3.1230331384015595
9.266 2.84641257367387
9.314 2.84641257367387
11.859 2.4309157593123207
11.917 2.4309157593123207
15.407 2.0788129189518587
15.517 2.0788129189518587
18.799 3.068025178346622
18.915 3.068025178346622
21.298 3.0122403846153847
21.413 3.0122403846153847
23.909 3.064477661795407
24.202 3.064477661795407
26.597 3.0094588796185935
26.712 3.0094588796185935
29.229 2.966594633273703
29.316 2.966594633273703
32.111 2.9648389715832204
32.215 2.9648389715832204
34.432 3.0746711074104915
34.515 3.0746711074104915
36.917 3.0640221870047544
37.017 3.0640221870047544
39.541 2.9495338345864663
39.62 2.9495338345864663
45.206 2.937954026790144
45.316 2.937954026790144
51.363 2.8523445197553317
51.414 2.8523445197553317
57.463 2.8139651664080017
57.516 2.8139651664080017
63.315 3.0061726519337015
63.417 3.0061726519337015
69.209 2.920632374691865
69.317 2.920632374691865
75.402 3.085978486506888
75.519 3.085978486506888
80.818 3.0377357180065983
80.917 3.0377357180065983
86.676 3.086283305845703
86.903 3.086283305845703
92.36 3.0881290785227677
92.415 3.0881290785227677
95.204 3.0572459677419355
95.315 3.0572459677419355
97.299 3.041181711606096
97.415 3.041181711606096
99.974 3.08556837944664
100.015 3.08556837944664
102.545 3.09452258635961
102.617 3.09452258635961
104.875 3.1383575832305795
104.915 3.1383575832305795
107.348 3.1329628318584075
107.415 3.1329628318584075
109.675 3.136172661870504
109.715 3.136172661870504
112.356 3.078588627647157
112.602 3.078588627647157
118.599 3.104921071687183
118.716 3.104921071687183
124.24 3.082747490967483
124.314 3.082747490967483
129.296 3.025666784078901
129.414 3.025666784078901
135.092 2.9595977808599168
135.217 2.9595977808599168
140.985 2.550350564468211
141.119 2.550350564468211
147.851 2.3311608961303465
147.922 2.3311608961303465
150.868 2.26208
150.919 2.26208
154.544 3.089342047930283
154.622 3.089342047930283
156.917 3.090748115827053
157.015 3.090748115827053
159.536 2.97362480620155
159.615 2.97362480620155
162.195 2.8884235294117646
162.317 2.8884235294117646
165.037 2.82081494057725
165.115 2.82081494057725
167.471 2.814197838736492
167.516 2.814197838736492
169.922 2.9427518427518424
170.205 2.9427518427518424
