0.0 2.974249488752556
0.013 2.974249488752556
0.502 2.984748201438849
0.622 2.984748201438849
1.039 2.983616
1.116 2.983616
1.491 2.9747751196172247
1.618 2.9747751196172247
2.036 2.9716727272727272
2.117 2.9716727272727272
2.557 3.094381458232738
2.623 3.094381458232738
4.694 2.280176266918476
4.813 2.280176266918476
7.99 1.662205329153605
8.137 1.662205329153605
13.241 3.3087604267701263
13.32 3.3087604267701263
15.382 1.1575528815706144
15.414 1.1575528815706144
21.73 1.9848342133051742
21.844 1.9848342133051742
25.632 1.6169693765146507
25.723 1.6169693765146507
30.262 1.528411622276029
30.33 1.528411622276029
35.286 1.60162874251497
35.612 1.60162874251497
40.789 1.692775688900335
40.927 1.692775688900335
44.81 1.2393623091122672
44.934 1.2393623091122672
50.893 1.2997633613445378
51.035 1.2997633613445378
56.985 1.3618512396694213
57.035 1.3618512396694213
62.238 1.4681649944258641
62.335 1.4681649944258641
67.717 1.747013698630137
67.837 1.747013698630137
69.443 2.0207686274509804
69.52 2.0207686274509804
71.05 2.0183924290220823
71.126 2.0183924290220823
72.711 1.874532944606414
72.823 1.874532944606414
74.538 1.719970486965076
74.628 1.719970486965076
78.694 1.7223227043874372
78.823 1.7223227043874372
82.994 1.7659551656920078
83.124 1.7659551656920078
87.228 1.8498264604810997
87.323 1.8498264604810997
91.979 1.8674802955665024
92.028 1.8674802955665024
95.276 1.9130737463126843
95.324 1.9130737463126843
99.392 2.0968272898200375
99.521 2.0968272898200375
103.244 1.386395238095238
103.321 1.386395238095238
108.361 1.1487323604633668
108.626 1.1487323604633668
115.273 1.3818298204527713
115.329 1.3818298204527713
120.453 0.8787006153193295
120.558 0.8787006153193295
129.984 0.8977622027534418
130.06 0.8977622027534418
131.658 1.585268897149938
131.731 1.585268897149938
132.538 1.580900900900901
132.632 1.580900900900901
133.298 1.547629748528625
133.43 1.547629748528625
135.299 1.549726574500768
135.431 1.549726574500768
137.384 1.5006280991735537
137.431 1.5006280991735537
142.392 1.3516236961228105
142.718 1.3516236961228105
147.799 1.379549125168237
147.938 1.379549125168237
153.882 1.9366402622234362
154.033 1.9366402622234362
157.694 2.148270195754067
157.831 2.148270195754067
161.458 2.2819607376561573
161.524 2.2819607376561573
164.886 2.2812171893147504
164.92 2.2812171893147504
168.364 2.5950175712612262
168.42 2.5950175712612262
170.981 2.6366666666666667
171.015 2.6366666666666667
173.583 2.6395592286501377
173.622 2.6395592286501377
