0.0 1.898704960835509
0.02 1.898704960835509
0.786 1.9177812018489986
0.919 1.9177812018489986
1.568 1.9191355060034305
1.625 1.9191355060034305
2.208 1.9189135802469137
2.322 1.9189135802469137
2.97 1.9032547307132461
3.021 1.9032547307132461
3.708 1.8678122996211017
3.83 1.8678122996211017
7.261 1.586882803943045
7.322 1.586882803943045
11.887 1.2729026256564142
12.025 1.2729026256564142
18.69 1.8499631236442518
18.828 1.8499631236442518
22.516 2.672187134502924
22.619 2.672187134502924
25.355 2.25646818727491
25.412 2.25646818727491
28.744 1.972963440860215
28.876 1.972963440860215
32.596 2.212914986853637
32.719 2.212914986853637
36.142 2.1458674948240164
36.406 2.1458674948240164
40.27 1.9270149516270887
40.324 1.9270149516270887
43.735 1.9257783572359846
43.82 1.9257783572359846
47.655 2.0907250608272507
47.721 2.0907250608272507
51.42 2.2394791403286978
51.519 2.2394791403286978
54.683 2.2403356960589735
54.718 2.2403356960589735
58.245 2.7199263894000736
58.317 2.7199263894000736
61.034 2.7582490332559937
61.119 2.7582490332559937
63.705 2.7390136200716846
63.812 2.7390136200716846
66.602 2.311703880597015
66.906 2.311703880597015
70.256 2.3118677685950417
70.316 2.3118677685950417
73.341 3.0765773019271947
73.417 3.0765773019271947
75.752 3.7281275720164606
75.811 3.7281275720164606
77.755 3.328939378148341
77.814 3.328939378148341
83.571 2.918310025897151
83.61 2.918310025897151
89.016 2.547272076372315
89.113 2.547272076372315
95.817 2.5438025271818985
95.916 2.5438025271818985
102.722 2.5353245350929816
102.816 2.5353245350929816
109.484 1.79255894673848
109.631 1.79255894673848
116.315 1.7948025348542458
116.426 1.7948025348542458
120.371 1.6587351485148516
120.429 1.6587351485148516
123.661 1.9280810055865922
123.73 1.9280810055865922
126.594 2.5213809682804675
126.718 2.5213809682804675
129.713 1.8167277258566978
129.822 1.8167277258566978
133.032 1.804975
133.123 1.804975
137.283 1.747012737322759
137.322 1.747012737322759
141.483 1.8184211040547142
141.525 1.8184211040547142
145.619 1.8406861431251675
145.911 1.8406861431251675
149.642 2.0717635169277413
149.725 2.0717635169277413
153.683 2.5568121168409665
153.72 2.5568121168409665
156.493 3.344109871244635
156.614 3.344109871244635
158.944 3.2969282337773955
159.01 3.2969282337773955
161.337 2.685069036226931
161.416 2.685069036226931
164.342 2.3172384937238495
164.418 2.3172384937238495
167.286 1.9746165062700496
167.316 1.9746165062700496
170.745 2.686932136848009
170.815 2.686932136848009
