0.0 4.393981873111782
0.011 4.393981873111782
0.342 4.429323843416371
0.409 4.429323843416371
0.69 4.337706336939722
0.811 4.337706336939722
1.458 4.319447552447553
1.514 4.319447552447553
2.658 4.312597079502434
2.712 4.312597079502434
4.561 4.30098255033557
4.612 4.30098255033557
6.102 2.922004401557474
6.212 2.922004401557474
12.119 3.783844692275919
12.209 3.783844692275919
17.051 4.040233906633907
17.113 4.040233906633907
21.183 3.4363580198019803
21.31 3.4363580198019803
26.36 3.6909734663553384
26.416 3.6909734663553384
31.127 4.110365591397849
31.214 4.110365591397849
35.306 4.064314555070131
35.409 4.064314555070131
39.758 4.104398647125141
39.811 4.104398647125141
44.246 4.024885097842448
44.501 4.024885097842448
48.487 4.06704393008975
48.609 4.06704393008975
52.843 4.091470180924726
52.911 4.091470180924726
57.388 3.4737710309930425
57.51 3.4737710309930425
62.253 4.039831800262812
62.321 4.039831800262812
65.365 3.2426678367705137
65.41 3.2426678367705137
67.689 3.1547244582043343
67.818 3.1547244582043343
70.079 3.476727934485896
70.112 3.476727934485896
72.31 3.6221739943872775
72.415 3.6221739943872775
74.553 3.8509911894273126
74.607 3.8509911894273126
76.423 3.945493910690122
76.511 3.945493910690122
80.945 3.9947457305502843
81.013 3.9947457305502843
85.229 3.8375458550260313
85.311 3.8375458550260313
90.305 3.5986277372262774
90.413 3.5986277372262774
94.797 3.3950123260437377
94.915 3.3950123260437377
99.945 3.835427558706247
100.012 3.835427558706247
104.526 3.879197797154658
104.613 3.879197797154658
108.971 2.867626168224299
109.014 2.867626168224299
115.006 2.7086824789594495
115.118 2.7086824789594495
117.732 3.2101988023952095
117.818 3.2101988023952095
119.488 3.779211786372007
119.613 3.779211786372007
121.785 3.8985730511099637
121.917 3.8985730511099637
123.854 3.9644419204956116
123.915 3.9644419204956116
127.789 3.9142711323763955
127.91 3.9142711323763955
132.299 3.821571524513096
132.413 3.821571524513096
136.88 3.933324169530355
137.014 3.933324169530355
141.379 3.252589278827613
141.412 3.252589278827613
146.598 3.66923535586815
146.717 3.66923535586815
151.48 3.1896700488538143
151.618 3.1896700488538143
156.94 3.8974349066959384
157.011 3.8974349066959384
161.566 4.007449316360208
161.802 4.007449316360208
166.044 3.9481652021089633
166.114 3.9481652021089633
170.666 3.843488486036257
170.712 3.843488486036257
174.794 4.123438411863191
174.91 4.123438411863191
179.091 4.049881355932204
179.21 4.049881355932204
