0.0 0.39265874730021594
0.118 0.39265874730021594
3.822 0.39449762282091916
4.029 0.39449762282091916
7.184 0.39244335320940016
7.335 0.39244335320940016
10.186 0.45631412844036695
10.337 0.45631412844036695
13.062 1.3315030549898168
13.135 1.3315030549898168
14.117 1.016153110047847
14.244 1.016153110047847
16.752 0.9234638554216867
16.855 0.9234638554216867
18.183 0.9290527722110888
18.248 0.9290527722110888
19.745 0.8241148325358851
19.849 0.8241148325358851
21.312 0.8188668138337013
21.459 0.8188668138337013
22.818 0.9959666180951119
22.976 0.9959666180951119
30.525 1.1442818833801058
30.642 1.1442818833801058
37.056 1.5893428451531684
37.127 1.5893428451531684
41.893 1.5469462686567166
42.03 1.5469462686567166
47.39 2.4362668643439584
47.522 2.4362668643439584
50.22 3.213820713664056
50.307 3.213820713664056
52.605 3.0872622754491017
52.722 3.0872622754491017
55.227 1.8481251956181535
55.311 1.8481251956181535
59.145 1.5027888931152529
59.417 1.5027888931152529
64.675 2.2794694632942627
64.728 2.2794694632942627
67.97 2.5602412060301507
68.015 2.5602412060301507
70.801 2.892448145344436
70.917 2.892448145344436
73.559 2.9580626432391135
73.615 2.9580626432391135
76.233 3.4620792079207923
76.313 3.4620792079207923
78.333 3.609953768844221
78.413 3.609953768844221
80.403 4.067048260381593
80.509 4.067048260381593
82.291 4.947006711409396
82.409 4.947006711409396
86.283 5.380758526603001
86.405 5.380758526603001
89.337 6.510450629050705
89.408 6.510450629050705
92.031 5.219511606873681
92.11 5.219511606873681
95.427 4.839835098768966
95.506 4.839835098768966
98.999 5.417029003783102
99.106 5.417029003783102
102.278 4.176457469621157
102.309 4.176457469621157
106.506 4.490448699067255
106.611 4.490448699067255
110.685 6.5145716302046575
111.0 6.5145716302046575
113.834 6.340696487985212
113.905 6.340696487985212
116.61 6.121262654444002
116.713 6.121262654444002
119.222 7.525070521243977
119.305 7.525070521243977
121.588 5.606226600985222
121.707 5.606226600985222
124.752 5.428061966487512
124.81 5.428061966487512
127.973 6.8708464358452135
128.005 6.8708464358452135
130.46 5.874476638655462
130.508 5.874476638655462
133.483 6.294187615869485
133.606 6.294187615869485
136.303 5.959320577374958
136.599 5.959320577374958
139.578 5.513979889717807
139.608 5.513979889717807
142.691 5.509518087063151
142.808 5.509518087063151
146.07 5.882684664416948
146.108 5.882684664416948
148.775 6.408957620817844
148.808 6.408957620817844
151.498 6.89673120865905
151.611 6.89673120865905
