0.0 2.625285198555957
0.017 2.625285198555957
0.571 2.5858346839546194
0.626 2.5858346839546194
1.86 2.645049645390071
1.92 2.645049645390071
2.343 2.5747811447811446
2.423 2.5747811447811446
3.611 2.750390731964192
3.721 2.750390731964192
5.62 3.353461015175301
5.718 3.353461015175301
7.629 3.4512243925678896
7.712 3.4512243925678896
9.811 3.4884440789473685
9.915 3.4884440789473685
12.347 3.587099894847529
12.414 3.587099894847529
14.316 3.7589223650385604
14.412 3.7589223650385604
16.357 3.35938485316847
16.418 3.35938485316847
21.594 4.2678548591727985
21.711 4.2678548591727985
25.652 4.199502019482063
25.709 4.199502019482063
29.918 3.9256001725253395
30.012 3.9256001725253395
34.649 3.8704926417370324
34.709 3.8704926417370324
38.854 3.033802677942213
38.913 3.033802677942213
44.589 3.049868797868798
44.711 3.049868797868798
50.717 3.683455399061033
50.812 3.683455399061033
55.285 3.685087741132545
55.603 3.685087741132545
60.424 3.7443211805555556
60.513 3.7443211805555556
65.121 3.745279779664907
65.212 3.745279779664907
69.569 3.6594686843211433
69.61 3.6594686843211433
74.368 3.6358527004909984
74.413 3.6358527004909984
79.301 3.503127677806341
79.411 3.503127677806341
84.079 3.383814313346228
84.11 3.383814313346228
89.28 3.2836513940339245
89.313 3.2836513940339245
94.442 3.101473532589125
94.515 3.101473532589125
97.292 3.1073647540983607
97.412 3.1073647540983607
99.364 3.104261667331472
99.413 3.104261667331472
101.92 3.1052060461416073
102.01 3.1052060461416073
104.524 2.2147169572107765
104.611 2.2147169572107765
107.766 2.215793383633198
107.818 2.215793383633198
111.264 2.2147313106036908
111.316 2.2147313106036908
114.513 2.2151997860390478
114.624 2.2151997860390478
118.363 2.8570998955795335
118.61 2.8570998955795335
121.483 4.3474588370754175
121.509 4.3474588370754175
123.246 4.348766592095451
123.31 4.348766592095451
124.651 4.355392111368909
124.71 4.355392111368909
126.434 3.8292866756393
126.509 3.8292866756393
130.967 3.369766437684004
131.012 3.369766437684004
136.107 3.4083507779349365
136.216 3.4083507779349365
141.165 3.7215860306643953
141.212 3.7215860306643953
145.908 3.7581191056010623
146.013 3.7581191056010623
150.53 4.064289377289377
150.611 4.064289377289377
154.979 4.068836764001914
155.01 4.068836764001914
159.188 3.359889325107497
159.313 3.359889325107497
164.662 3.3134361140443507
164.903 3.3134361140443507
169.638 3.846518518518519
169.709 3.846518518518519
174.191 3.989309217391304
174.313 3.989309217391304
