0.0 4.12013597733711
0.011 4.12013597733711
0.364 4.121324503311258
0.413 4.121324503311258
0.715 4.079209302325582
0.814 4.079209302325582
1.502 4.078453333333333
1.611 4.078453333333333
2.361 4.058011195928754
2.41 4.058011195928754
4.375 4.04830322173089
4.408 4.04830322173089
5.991 4.040223089793642
6.11 4.040223089793642
7.903 4.039994707828004
8.014 4.039994707828004
12.549 4.043214162773543
12.61 4.043214162773543
16.677 4.00313910034602
16.71 4.00313910034602
21.045 4.02131729879741
21.111 4.02131729879741
25.435 4.049991813147122
25.51 4.049991813147122
29.663 3.941071125975474
29.714 3.941071125975474
34.199 4.0541220489977725
34.31 4.0541220489977725
38.8 4.069810248604769
38.911 4.069810248604769
42.853 3.99625527964725
43.1 3.99625527964725
47.409 3.964829437229437
47.51 3.964829437229437
52.13 3.966320654790563
52.21 3.966320654790563
56.364 3.9977065706570656
56.412 3.9977065706570656
60.856 4.042603561387066
60.91 4.042603561387066
65.178 4.055214711729622
65.212 4.055214711729622
69.236 3.9798290285714284
69.311 3.9798290285714284
73.686 3.9705201072386056
73.812 3.9705201072386056
78.288 4.033695115934879
78.41 4.033695115934879
82.464 3.9841311774083352
82.704 3.9841311774083352
87.095 4.013786463298379
87.213 4.013786463298379
91.409 4.011030556718293
91.511 4.011030556718293
96.289 3.9619246609743843
96.411 3.9619246609743843
100.393 3.9992768149882902
100.512 3.9992768149882902
104.782 4.005812124016659
104.806 4.005812124016659
109.128 3.9824603062426385
109.212 3.9824603062426385
113.457 3.7386457789382073
113.511 3.7386457789382073
118.107 3.864328042328042
118.213 3.864328042328042
122.749 4.033977508269019
123.004 4.033977508269019
127.539 3.966973785990546
127.612 3.966973785990546
132.266 4.008246284501062
132.312 4.008246284501062
134.196 4.021859310344827
134.31 4.021859310344827
135.76 4.006774813233725
135.809 4.006774813233725
137.683 3.985372807017544
137.711 3.985372807017544
139.535 3.9832081326912787
139.612 3.9832081326912787
141.481 3.97734685215751
141.512 3.97734685215751
145.753 3.9837173467061775
145.812 3.9837173467061775
150.199 3.958820895522388
150.504 3.958820895522388
154.792 4.002889740698985
154.911 4.002889740698985
159.346 4.0188179669030735
159.412 4.0188179669030735
163.642 4.028703878054248
163.713 4.028703878054248
168.174 4.052988891759235
168.214 4.052988891759235
172.085 3.9769540945790083
172.211 3.9769540945790083
176.546 3.9810010413051025
176.611 3.9810010413051025
