0.0 3.8887914438502675
0.012 3.8887914438502675
0.386 3.81929375
0.514 3.81929375
1.794 3.7957664864864866
1.912 3.7957664864864866
3.762 2.650411075612354
3.812 2.650411075612354
6.629 2.714088495575221
6.716 2.714088495575221
9.654 2.528991318074191
9.718 2.528991318074191
12.252 2.364268929503916
12.332 2.364268929503916
15.396 4.4256108502869065
15.507 4.4256108502869065
17.424 2.691386193293886
17.515 2.691386193293886
20.05 2.6064541889483066
20.119 2.6064541889483066
22.924 3.233785806451613
23.017 3.233785806451613
25.342 4.230215561959654
25.6 4.230215561959654
27.335 4.92190253411306
27.409 4.92190253411306
28.948 6.267295540438398
29.008 6.267295540438398
30.331 4.600858044164038
30.409 4.600858044164038
33.896 2.730278103694308
34.021 2.730278103694308
40.328 5.547399152029073
40.412 5.547399152029073
43.714 6.398483883495146
43.806 6.398483883495146
46.381 3.209721409214092
46.51 3.209721409214092
52.045 4.85613059386434
52.11 4.85613059386434
55.663 4.588915635545557
55.709 4.588915635545557
59.265 4.583246117399316
59.309 4.583246117399316
63.108 6.302144680851064
63.397 6.302144680851064
66.217 5.421949602122016
66.307 5.421949602122016
69.323 6.078637943015983
69.407 6.078637943015983
72.285 4.6041137233460905
72.41 4.6041137233460905
76.068 3.891310456852792
76.112 3.891310456852792
81.037 5.766222222222223
81.109 5.766222222222223
83.845 6.015115181401902
83.911 6.015115181401902
86.75 5.398540692235734
86.809 5.398540692235734
90.016 4.289658462319208
90.113 4.289658462319208
94.054 4.589427350427351
94.302 4.589427350427351
98.046 4.839478741027056
98.109 4.839478741027056
101.731 4.979338051170386
101.812 4.979338051170386
105.486 5.967128636069813
105.608 5.967128636069813
108.702 6.0478081805359665
108.812 6.0478081805359665
111.648 8.924025566531087
111.709 8.924025566531087
113.43 8.035423760523853
113.506 8.035423760523853
115.644 3.9913397241056816
115.708 3.9913397241056816
119.985 4.806539753639417
120.115 4.806539753639417
123.687 3.1995311077389985
124.001 3.1995311077389985
129.273 2.3940504109589043
129.326 2.3940504109589043
136.626 4.035042548134062
136.72 4.035042548134062
140.927 2.8313901116427433
141.019 2.8313901116427433
147.289 4.464180672268908
147.412 4.464180672268908
151.22 5.857903520208605
151.309 5.857903520208605
154.377 2.4301610904584883
154.412 2.4301610904584883
160.868 4.4709792531120325
160.942 4.4709792531120325
164.798 5.845700305810397
164.911 5.845700305810397
