0.0 2.1837957957957954
0.019 2.1837957957957954
0.685 2.202902654867257
0.724 2.202902654867257
1.289 2.0666391752577318
1.428 2.0666391752577318
2.786 1.7742691415313225
2.826 1.7742691415313225
4.55 1.9321521686455052
4.63 1.9321521686455052
8.757 2.056631578947368
8.82 2.056631578947368
11.936 2.1325051516043567
12.023 2.1325051516043567
15.42 2.1956252587991716
15.523 2.1956252587991716
19.387 2.2158700876908086
19.523 2.2158700876908086
22.602 2.217501971489233
22.719 2.217501971489233
26.016 2.2139434628975265
26.116 2.2139434628975265
29.512 2.2153407787503774
29.619 2.2153407787503774
32.932 2.2142087109032444
33.207 2.2142087109032444
36.628 2.2247469814864504
36.718 2.2247469814864504
40.445 2.2326929347826083
40.519 2.2326929347826083
43.463 2.227861236802413
43.52 2.227861236802413
46.835 2.2280587726879864
46.918 2.2280587726879864
50.389 2.2198345864661655
50.526 2.2198345864661655
53.718 2.217077441077441
53.819 2.217077441077441
57.383 2.223906108937707
57.418 2.223906108937707
60.741 2.2276177389131795
60.82 2.2276177389131795
64.022 2.218887340301974
64.306 2.218887340301974
67.75 2.1553598664069025
67.818 2.1553598664069025
71.411 2.108350919505577
71.526 2.108350919505577
74.843 2.107924882629108
74.921 2.107924882629108
78.329 2.160846750149076
78.418 2.160846750149076
81.772 2.201633946830266
81.819 2.201633946830266
85.731 2.2267165932452277
85.825 2.2267165932452277
88.549 2.2184675028506273
88.617 2.2184675028506273
92.125 2.1903726150392817
92.219 2.1903726150392817
95.783 2.139446417636252
96.011 2.139446417636252
99.277 2.1168904907125032
99.321 2.1168904907125032
102.928 2.2105825788323448
103.018 2.2105825788323448
106.221 2.2241224489795917
106.317 2.2241224489795917
110.041 2.208352972827549
110.119 2.208352972827549
113.836 2.2151762980346144
113.92 2.2151762980346144
117.329 2.167407281964437
117.423 2.167407281964437
124.509 2.173824623560673
124.622 2.173824623560673
132.525 2.220468262226847
132.618 2.220468262226847
140.306 2.1735612102797823
140.419 2.1735612102797823
148.318 2.239191392239974
148.419 2.239191392239974
151.486 2.1579052631578945
151.517 2.1579052631578945
155.317 2.129141141141141
155.422 2.129141141141141
158.752 2.1376614540466394
158.823 2.1376614540466394
162.468 2.2039505889112325
162.522 2.2039505889112325
166.003 2.238322507122507
166.119 2.238322507122507
169.629 2.2369033995287784
169.718 2.2369033995287784
172.689 2.1542984409799555
172.82 2.1542984409799555
175.963 2.197614678899083
176.21 2.197614678899083
