0.0 3.0683713080168777
0.015 3.0683713080168777
0.489 3.03031339031339
0.623 3.03031339031339
1.676 3.0275037756202807
1.715 3.0275037756202807
2.642 3.0285544554455446
2.716 3.0285544554455446
3.726 3.0345511520737327
3.813 3.0345511520737327
4.898 3.041183770883055
5.013 3.041183770883055
5.851 3.022161034626617
5.918 3.022161034626617
8.315 3.0138174067495562
8.416 3.0138174067495562
11.231 3.9008942252715837
11.316 3.9008942252715837
13.065 3.5692324146441794
13.113 3.5692324146441794
17.975 3.655281900357368
18.012 3.655281900357368
22.769 3.968762623879188
22.813 3.968762623879188
27.051 3.901921412803532
27.11 3.901921412803532
31.64 3.740087939182248
31.711 3.740087939182248
36.578 3.7076940143286343
36.711 3.7076940143286343
41.038 3.5149753010818534
41.113 3.5149753010818534
46.012 3.3746337509211495
46.116 3.3746337509211495
51.544 3.226810810810811
51.802 3.226810810810811
56.908 3.1222861159929702
57.018 3.1222861159929702
62.708 3.0392517174564033
62.817 3.0392517174564033
68.494 3.0083644032053987
68.621 3.0083644032053987
70.992 3.0097865301299724
71.114 3.0097865301299724
73.653 3.2484093959731544
73.714 3.2484093959731544
76.098 3.2527441860465114
76.214 3.2527441860465114
78.364 3.2491216644052465
78.415 3.2491216644052465
80.626 3.255831087151842
80.713 3.255831087151842
82.939 3.3215549556498263
83.014 3.3215549556498263
85.607 3.325425438596491
85.714 3.325425438596491
87.538 3.5510318153462257
87.616 3.5510318153462257
92.425 3.947359781121751
92.514 3.947359781121751
96.9 4.052143815915628
97.013 4.052143815915628
101.185 4.038264629847239
101.312 4.038264629847239
105.567 3.947881081081081
105.613 3.947881081081081
110.053 3.8184278856188687
110.111 3.8184278856188687
114.902 3.6617009123363746
115.016 3.6617009123363746
120.058 3.4071481922924116
120.116 3.4071481922924116
125.15 3.9767602278612117
125.404 3.9767602278612117
129.266 4.248203758654798
129.312 4.248203758654798
133.356 3.5409583074051025
133.415 3.5409583074051025
138.236 3.5716579987518204
138.313 3.5716579987518204
143.12 3.718679012345679
143.213 3.718679012345679
147.749 3.1938172514619882
147.814 3.1938172514619882
153.286 3.0564321209938785
153.419 3.0564321209938785
158.973 2.9280580570674584
159.017 2.9280580570674584
165.08 2.878781238273921
165.218 2.878781238273921
167.883 2.2511495702005733
168.019 2.2511495702005733
171.509 2.2520637072178924
171.619 2.2520637072178924
174.57 2.2494883720930234
174.616 2.2494883720930234
177.626 2.292248803827751
177.722 2.292248803827751
