0.0 2.5426713286713287
0.016 2.5426713286713287
0.588 2.5768944099378883
0.721 2.5768944099378883
1.204 2.5603112128146455
1.318 2.5603112128146455
1.755 2.523795379537954
1.822 2.523795379537954
3.034 2.5146616209397665
3.124 2.5146616209397665
6.295 2.513123137254902
6.417 2.513123137254902
8.967 2.517067407922168
9.018 2.517067407922168
11.896 2.513746962962963
12.018 2.513746962962963
15.393 2.8763338954468805
15.52 2.8763338954468805
17.892 2.956370400323494
18.016 2.956370400323494
20.489 3.029231265108783
20.613 3.029231265108783
23.095 3.0568196584756353
23.213 3.0568196584756353
25.614 3.2607869134739564
25.901 3.2607869134739564
28.224 2.873053361053361
28.311 2.873053361053361
31.197 2.5290681031165834
31.318 2.5290681031165834
33.917 2.9202688809806245
34.019 2.9202688809806245
36.548 3.558871575675151
36.616 3.558871575675151
41.763 3.588781529078632
41.811 3.588781529078632
46.402 3.5890521212121214
46.511 3.5890521212121214
51.461 3.6209511017838403
51.512 3.6209511017838403
56.277 3.751306666666667
56.31 3.751306666666667
60.66 3.593015270326042
60.711 3.593015270326042
65.557 3.4236270468117898
65.611 3.4236270468117898
70.802 3.842246240601504
70.912 3.842246240601504
75.168 3.7743948220064727
75.401 3.7743948220064727
80.036 3.364332401118658
80.115 3.364332401118658
85.121 2.9046232191573202
85.216 2.9046232191573202
91.814 3.353110308182784
91.919 3.353110308182784
96.624 3.6380298253089047
96.714 3.6380298253089047
101.408 3.720851063829787
101.512 3.720851063829787
106.165 3.2429587569537692
106.215 3.2429587569537692
111.428 3.2395957767722474
111.515 3.2395957767722474
116.819 3.311029845107669
116.917 3.311029845107669
122.211 3.3834281045751635
122.314 3.3834281045751635
124.762 3.536599741490737
124.813 3.536599741490737
127.134 4.003995758218451
127.21 4.003995758218451
129.096 4.010795048143054
129.212 4.010795048143054
130.666 3.998240681576145
130.709 3.998240681576145
132.587 2.2845128849780014
132.722 2.2845128849780014
135.904 2.285727970525023
136.023 2.285727970525023
139.28 2.2800796812749002
139.321 2.2800796812749002
142.333 3.1635956790123454
142.604 3.1635956790123454
145.196 3.160962995987517
145.315 3.160962995987517
147.558 3.163530653674381
147.614 3.163530653674381
150.077 2.893984156921916
150.117 2.893984156921916
152.768 2.9241861373250897
152.815 2.9241861373250897
158.961 4.382435754189944
159.012 4.382435754189944
162.592 3.9714572679106195
162.71 3.9714572679106195
167.051 3.8230880000000003
167.114 3.8230880000000003
