0.0 2.1325630498533723
0.017 2.1325630498533723
0.699 2.1570883882149046
0.818 2.1570883882149046
1.395 2.151646153846154
1.521 2.151646153846154
2.041 2.1513079584775086
2.121 2.1513079584775086
2.699 2.1173556270096463
2.829 2.1173556270096463
4.384 2.1052772667542707
4.423 2.1052772667542707
7.467 2.6496415508412583
7.517 2.6496415508412583
10.251 7.370891398783667
10.309 7.370891398783667
11.46 5.5180375838926174
11.505 5.5180375838926174
14.485 1.7949532478278858
14.618 1.7949532478278858
24.286 2.229040023717759
24.42 2.229040023717759
27.793 2.9381200960768616
27.922 2.9381200960768616
30.42 1.5873445096395642
30.55 1.5873445096395642
35.322 4.125190049751243
35.599 4.125190049751243
37.609 3.1451072338757107
37.709 3.1451072338757107
42.81 1.3024630512064141
42.949 1.3024630512064141
56.17 3.3248460877042136
56.212 3.3248460877042136
58.538 2.211
58.623 2.211
60.727 1.8755433183004984
60.824 1.8755433183004984
65.037 1.6601798816568047
65.128 1.6601798816568047
66.818 1.5544374057315233
66.926 1.5544374057315233
68.915 1.046158273381295
69.039 1.046158273381295
72.097 1.0231775938892425
72.25 1.0231775938892425
75.392 2.8708538587848933
75.545 2.8708538587848933
77.981 1.889978426729808
78.017 1.889978426729808
81.818 1.836199645300228
81.927 1.836199645300228
85.874 3.0188545390816683
85.915 3.0188545390816683
88.768 2.15396875
88.826 2.15396875
91.642 4.005344312918168
91.711 4.005344312918168
93.654 4.00127524346489
93.712 4.00127524346489
95.663 3.998473036896878
95.71 3.998473036896878
99.938 3.280415425735013
100.012 3.280415425735013
105.25 2.9770027173913043
105.317 2.9770027173913043
111.205 2.9794931596091208
111.314 2.9794931596091208
117.454 6.982714069591528
117.516 6.982714069591528
120.16 7.072818144329897
120.204 7.072818144329897
122.629 7.510145721271394
122.707 7.510145721271394
124.752 8.409072931962799
124.806 8.409072931962799
126.849 8.396930644367929
127.097 8.396930644367929
129.13 6.8538762475049895
129.211 6.8538762475049895
131.716 6.02426
131.809 6.02426
134.609 6.028481545360469
134.705 6.028481545360469
137.604 6.850453591606134
137.708 6.850453591606134
140.186 7.287691297208538
140.306 7.287691297208538
142.742 7.616308243727599
142.809 7.616308243727599
145.041 8.892651162790699
145.106 8.892651162790699
147.127 8.883986409966024
147.205 8.883986409966024
148.971 9.180029818956337
149.197 9.180029818956337
151.075 9.447499176276771
151.107 9.447499176276771
