0.0 3.4141032863849765
0.012 3.4141032863849765
0.438 3.438232044198895
0.517 3.438232044198895
0.879 3.369142857142857
0.917 3.369142857142857
1.75 3.365060506050605
1.811 3.365060506050605
2.72 2.9208761904761906
2.816 2.9208761904761906
5.546 4.306763440860215
5.614 4.306763440860215
7.102 3.7440954446854664
7.213 3.7440954446854664
11.823 3.670147435897436
11.914 3.670147435897436
16.906 3.258124034079651
17.018 3.258124034079651
22.065 3.7048693424423567
22.112 3.7048693424423567
26.796 3.448666402221341
26.912 3.448666402221341
31.954 4.252747408343868
32.018 4.252747408343868
35.973 3.948995531724754
36.01 3.948995531724754
40.486 4.204899052899052
40.614 4.204899052899052
44.943 4.258877621449429
45.2 4.258877621449429
48.967 4.638971982758621
49.011 4.638971982758621
52.723 4.668071355759429
52.809 4.668071355759429
56.733 4.649447390932421
56.814 4.649447390932421
59.152 4.639849677040516
59.211 4.639849677040516
60.914 4.618774999999999
61.01 4.618774999999999
62.61 4.556879084054733
62.709 4.556879084054733
66.29 3.5411332113077076
66.411 3.5411332113077076
71.328 4.165974683544304
71.415 4.165974683544304
75.681 4.612863187588152
76.001 4.612863187588152
79.546 4.330277227722772
79.612 4.330277227722772
83.652 4.554312601406165
83.713 4.554312601406165
87.411 4.621341692789969
87.51 4.621341692789969
91.657 4.629220657276996
91.714 4.629220657276996
95.122 4.5955091496232505
95.21 4.5955091496232505
98.926 4.180903163487081
99.014 4.180903163487081
103.155 4.639282107574094
103.211 4.639282107574094
106.855 4.6440043243243245
106.913 4.6440043243243245
110.613 4.445496322597008
110.901 4.445496322597008
114.844 4.295395163183846
114.912 4.295395163183846
119.171 4.326762596672135
119.213 4.326762596672135
123.48 4.441114448472295
123.612 4.441114448472295
127.474 4.598277844311378
127.509 4.598277844311378
130.849 4.1496946859903385
130.912 4.1496946859903385
135.052 4.5828080536912745
135.11 4.5828080536912745
138.835 4.431843056272586
138.912 4.431843056272586
142.786 4.24350389937107
142.909 4.24350389937107
146.884 4.6430839532412325
147.201 4.6430839532412325
150.965 4.343762538382804
151.012 4.343762538382804
154.92 4.335242002442002
155.013 4.335242002442002
159.108 4.2960828910791005
159.212 4.2960828910791005
163.169 3.9326144420131293
163.209 3.9326144420131293
167.779 3.8173041362530413
167.914 3.8173041362530413
172.024 4.476784211893015
172.11 4.476784211893015
175.961 4.58220695165801
176.013 4.58220695165801
