0.0 3.030016666666667
0.015 3.030016666666667
0.495 3.0357073170731708
0.615 3.0357073170731708
1.025 2.9951931696905016
1.113 2.9951931696905016
2.05 2.9929941291585127
2.114 2.9929941291585127
3.136 2.998622950819672
3.212 2.998622950819672
4.31 2.982067938576082
4.413 2.982067938576082
6.562 2.6949851190476193
6.613 2.6949851190476193
9.301 1.9017924232234924
9.423 1.9017924232234924
13.884 3.128227418615314
14.011 3.128227418615314
16.192 3.180123531970422
16.309 3.180123531970422
18.608 3.211683895771038
18.715 3.211683895771038
21.056 3.719931069437405
21.109 3.719931069437405
23.082 3.9604983195160206
23.111 3.9604983195160206
27.574 4.0505135736537605
27.608 4.0505135736537605
32.102 4.006791208791209
32.209 4.006791208791209
36.213 3.8644219030520643
36.311 3.8644219030520643
40.767 3.8074229889835793
40.809 3.8074229889835793
45.62 3.5755416666666666
45.71 3.5755416666666666
50.318 3.57965101752972
50.413 3.57965101752972
55.376 3.5900607573866
55.41 3.5900607573866
60.216 3.7590840820087537
60.501 3.7590840820087537
64.842 3.8326550737398195
64.912 3.8326550737398195
69.455 3.685617586063874
69.512 3.685617586063874
74.334 4.652233285917497
74.414 4.652233285917497
77.929 4.724364029165541
78.007 4.724364029165541
81.71 3.720311022752375
81.811 3.720311022752375
86.338 3.719135261013002
86.413 3.719135261013002
91.566 4.427837215829357
91.611 4.427837215829357
95.174 4.236395931530637
95.208 4.236395931530637
99.239 3.0740625
99.504 3.0740625
105.136 3.3709958125623127
105.209 3.3709958125623127
110.224 4.035419445749178
110.308 4.035419445749178
114.566 3.254473078351281
114.612 3.254473078351281
119.998 3.0206535375638217
120.115 3.0206535375638217
122.857 2.7162303110522834
122.911 2.7162303110522834
125.933 2.7183354931605472
126.014 2.7183354931605472
128.792 2.711155741515574
128.914 2.711155741515574
131.065 2.6951529073941134
131.111 2.6951529073941134
133.897 2.697335807050093
134.015 2.697335807050093
136.71 2.6983022834360275
136.815 2.6983022834360275
139.574 4.407958921694481
139.612 4.407958921694481
141.17 4.533480674448768
141.208 4.533480674448768
145.063 5.175434146341463
145.106 5.175434146341463
148.386 5.866760079312624
148.507 5.866760079312624
151.533 4.4143339392365615
151.604 4.4143339392365615
155.455 3.912921402133682
155.511 3.912921402133682
160.104 3.9479416205334674
160.21 3.9479416205334674
164.184 4.35686024766237
164.311 4.35686024766237
168.268 4.3792531500572744
168.311 4.3792531500572744
