0.0 0.9199291587602783
0.052 0.9199291587602783
1.633 0.919231905465288
1.751 0.919231905465288
3.105 0.9246743801652892
3.251 0.9246743801652892
4.461 0.9245026022304833
4.553 0.9245026022304833
5.898 0.9201520056298382
6.055 0.9201520056298382
7.476 0.9243476669716377
7.555 0.9243476669716377
8.648 0.9079935629224332
8.766 0.9079935629224332
11.873 0.8483896
11.965 0.8483896
21.965 0.8749492017416545
22.051 0.8749492017416545
23.429 0.8797154150197629
23.556 0.8797154150197629
24.821 0.9065640038498557
24.962 0.9065640038498557
28.079 0.9045693552888642
28.157 0.9045693552888642
31.74 0.8956267748478701
31.86 0.8956267748478701
35.311 0.8633519366930446
35.458 0.8633519366930446
45.062 0.9097408906882591
45.324 0.9097408906882591
48.288 0.9062903423732973
48.63 0.9062903423732973
56.779 0.9356740016299918
56.854 0.9356740016299918
58.081 0.9326068111455108
58.146 0.9326068111455108
59.438 0.9304303797468354
59.556 0.9304303797468354
60.978 0.9021556270096464
61.056 0.9021556270096464
64.166 0.902444833625219
64.258 0.902444833625219
67.684 0.9078183881952328
67.749 0.9078183881952328
71.273 0.9048532046864232
71.366 0.9048532046864232
77.17 0.904241013705715
77.261 0.904241013705715
84.995 0.9032827863699233
85.33 0.9032827863699233
93.283 0.8904584237165581
93.359 0.8904584237165581
94.742 0.8544967704051674
94.856 0.8544967704051674
96.559 0.864178814382896
96.658 0.864178814382896
97.687 0.8581284916201117
97.858 0.8581284916201117
99.29 0.8763851203501094
99.459 0.8763851203501094
103.115 0.9100489044140998
103.248 0.9100489044140998
106.397 0.8876319290465632
106.556 0.8876319290465632
110.164 0.8818652385103998
110.258 0.8818652385103998
118.287 0.8982357661858801
118.632 0.8982357661858801
127.853 0.9303657587548638
127.958 0.9303657587548638
129.5 0.9351695906432749
129.657 0.9351695906432749
131.025 0.9417531305903398
131.148 0.9417531305903398
132.266 0.9421538461538462
132.357 0.9421538461538462
133.41 0.913006334841629
133.554 0.913006334841629
136.869 0.9004436761740132
136.961 0.9004436761740132
140.432 0.8544979469951475
140.558 0.8544979469951475
148.595 0.8704925690021231
148.752 0.8704925690021231
158.172 0.8920533467539004
158.437 0.8920533467539004
166.385 0.9153359893758299
166.45 0.9153359893758299
167.956 0.9170899107755662
168.048 0.9170899107755662
169.505 0.9225590778097983
169.65 0.9225590778097983
171.038 0.9104242007562736
171.333 0.9104242007562736
174.242 0.897128168511246
174.362 0.897128168511246
177.163 0.9024380784486558
177.255 0.9024380784486558
