0.0 1.7050504103165298
0.021 1.7050504103165298
0.874 1.7238781163434904
0.922 1.7238781163434904
1.644 1.7213169230769232
1.729 1.7213169230769232
2.379 1.7222382271468144
2.429 1.7222382271468144
3.151 1.7091973856209148
3.222 1.7091973856209148
3.987 1.679968358602505
4.129 1.679968358602505
5.646 1.3064906976744186
5.736 1.3064906976744186
9.176 1.120282054667899
9.255 1.120282054667899
16.828 1.8821142068965517
16.937 1.8821142068965517
20.562 2.1371248173048816
20.624 2.1371248173048816
24.045 3.5481604530438884
24.112 3.5481604530438884
26.231 3.0568196584756353
26.309 3.0568196584756353
28.71 3.9207080745341614
28.808 3.9207080745341614
30.74 3.2338658346333853
30.809 3.2338658346333853
33.373 3.9740314389359126
33.416 3.9740314389359126
35.07 4.112697396704084
35.113 4.112697396704084
39.3 4.301905119774542
39.409 4.301905119774542
43.667 4.351847860538827
43.709 4.351847860538827
47.495 4.057973503883051
47.612 4.057973503883051
51.99 4.336223171651168
52.109 4.336223171651168
56.088 4.599262683201804
56.206 4.599262683201804
59.754 4.925530975954738
59.808 4.925530975954738
63.343 4.43303766525318
63.406 4.43303766525318
67.415 4.031706114398422
67.699 4.031706114398422
71.755 3.735707879564382
71.811 3.735707879564382
76.494 4.450805496828752
76.607 4.450805496828752
80.391 3.9417326203208556
80.508 3.9417326203208556
85.37 4.586158139534884
85.412 4.586158139534884
88.852 4.272432324243182
88.908 4.272432324243182
92.905 3.697014734144779
93.008 3.697014734144779
97.691 3.966575316752698
97.812 3.966575316752698
102.074 4.191953159307148
102.111 4.191953159307148
106.21 5.05438062283737
106.503 5.05438062283737
109.971 4.439235137102645
110.007 4.439235137102645
114.128 4.235442991511815
114.209 4.235442991511815
118.568 4.839611738148984
118.611 4.839611738148984
122.155 4.459421602787456
122.207 4.459421602787456
125.651 4.653232936078007
125.709 4.653232936078007
129.401 4.411100775193798
129.506 4.411100775193798
133.376 4.2039569049951035
133.408 4.2039569049951035
137.492 4.1991356733881
137.609 4.1991356733881
141.626 4.2224131432713214
141.899 4.2224131432713214
146.038 4.300842158601469
146.11 4.300842158601469
150.057 3.908590048436812
150.108 3.908590048436812
154.65 3.453097704651635
154.711 3.453097704651635
159.634 2.901993864040045
159.716 2.901993864040045
165.909 3.5860845714285716
166.012 3.5860845714285716
170.387 3.36720625
170.513 3.36720625
175.633 1.2352465266558965
175.715 1.2352465266558965
