0.0 2.625285198555957
0.016 2.625285198555957
0.57 2.636949152542373
0.616 2.636949152542373
1.088 2.6080559440559443
1.222 2.6080559440559443
1.651 2.5878510998307953
1.72 2.5878510998307953
2.902 2.575578811369509
3.018 2.575578811369509
6.114 2.5726471296668008
6.213 2.5726471296668008
8.704 2.576145092460882
8.814 2.576145092460882
11.626 2.564660217654172
11.722 2.564660217654172
15.03 2.5438717375093214
15.113 2.5438717375093214
17.795 2.7894330408241133
17.917 2.7894330408241133
20.538 3.1158524658101947
20.614 3.1158524658101947
23.027 3.0290647957078005
23.115 3.0290647957078005
25.538 2.8034078460399705
25.805 2.8034078460399705
28.507 3.047273796398383
28.616 3.047273796398383
31.337 3.7453264957264953
31.413 3.7453264957264953
33.168 2.7724785058766708
33.213 2.7724785058766708
39.424 3.254710732054016
39.516 3.254710732054016
45.144 3.2879856316104568
45.212 3.2879856316104568
50.223 3.456382879377432
50.307 3.456382879377432
55.447 3.64235423263669
55.513 3.64235423263669
60.25 3.97229406037001
60.31 3.97229406037001
64.418 4.331281592039801
64.511 4.331281592039801
68.531 3.253166392092257
68.611 3.253166392092257
74.074 1.605241975066261
74.305 1.605241975066261
84.492 1.835496600895374
84.644 1.835496600895374
90.675 3.221102222222222
90.714 3.221102222222222
92.964 3.222144407033296
93.016 3.222144407033296
95.689 2.990915187376726
95.811 2.990915187376726
97.839 2.8279011627906976
97.913 2.8279011627906976
100.665 2.8376910214467466
100.719 2.8376910214467466
103.47 3.225961218836565
103.515 3.225961218836565
105.681 3.6674466858789625
105.708 3.6674466858789625
107.79 3.6667509062661834
107.912 3.6667509062661834
109.843 3.499210815378116
110.102 3.499210815378116
112.469 3.4445858161980696
112.512 3.4445858161980696
114.895 3.2990159646085786
115.016 3.2990159646085786
120.215 3.23877013918178
120.316 3.23877013918178
125.058 4.116878983944404
125.111 4.116878983944404
129.284 3.679879284328519
129.417 3.679879284328519
134.056 3.643667232597623
134.117 3.643667232597623
138.829 4.036355108877722
138.913 4.036355108877722
143.092 3.2648174855221375
143.212 3.2648174855221375
148.565 3.306471367354889
148.617 3.306471367354889
153.751 3.4054893535392288
154.005 3.4054893535392288
159.218 3.5766042499474016
159.317 3.5766042499474016
164.07 3.523240148990394
164.112 3.523240148990394
169.213 3.4695090667846085
169.315 3.4695090667846085
173.837 3.909318820861678
173.915 3.909318820861678
178.325 4.204275659824047
178.412 4.204275659824047
