0.0 3.654291457286432
0.013 3.654291457286432
0.411 3.6499706744868035
0.515 3.6499706744868035
0.856 3.6026906290115535
0.916 3.6026906290115535
1.695 3.38603537414966
1.815 3.38603537414966
4.02 3.5189726390114737
4.11 3.5189726390114737
6.376 3.2914555726759116
6.407 3.2914555726759116
8.354 3.4413871733966745
8.411 3.4413871733966745
10.516 3.297277885736494
10.613 3.297277885736494
13.186 2.7870359477124182
13.315 2.7870359477124182
15.763 2.1547609784851165
15.817 2.1547609784851165
19.21 2.8012488822652757
19.318 2.8012488822652757
22.002 3.0876836348338244
22.302 3.0876836348338244
24.679 3.250990557939914
24.713 3.250990557939914
27.043 2.726225550396885
27.115 2.726225550396885
33.792 4.2230039484074755
33.912 4.2230039484074755
37.711 4.856137619853357
37.805 4.856137619853357
41.351 4.5117024630541875
41.407 4.5117024630541875
45.467 4.538869421487603
45.508 4.538869421487603
49.138 4.673982636148382
49.208 4.673982636148382
53.009 4.335133668341708
53.109 4.335133668341708
57.089 4.249527083333334
57.208 4.249527083333334
61.048 4.3388367804634935
61.301 4.3388367804634935
65.314 4.43193216957606
65.408 4.43193216957606
69.418 4.184390992835209
69.511 4.184390992835209
73.419 4.289926434526729
73.508 4.289926434526729
77.586 3.898575925925926
77.712 3.898575925925926
82.032 3.777785136999803
82.112 3.777785136999803
87.185 3.583098796275267
87.31 3.583098796275267
91.713 4.573356186395286
91.806 4.573356186395286
95.54 3.7417592392478927
95.609 3.7417592392478927
100.236 4.795899007092198
100.502 4.795899007092198
104.027 4.849792830934237
104.106 4.849792830934237
107.649 4.084966674434864
107.709 4.084966674434864
112.0 3.392820474777448
112.113 3.392820474777448
117.505 4.26085760443111
117.614 4.26085760443111
121.947 4.699064109589042
122.01 4.699064109589042
125.66 4.4285605536332175
125.71 4.4285605536332175
129.178 4.5910571886691605
129.308 4.5910571886691605
133.05 4.642632580908349
133.108 4.642632580908349
136.785 4.431843056272586
137.1 4.431843056272586
140.974 3.9429471715755025
141.011 3.9429471715755025
145.289 4.287676153091266
145.412 4.287676153091266
149.488 4.2576935038876345
149.609 4.2576935038876345
153.596 4.183038642789821
153.711 4.183038642789821
157.955 4.159432346464399
158.011 4.159432346464399
162.098 4.067914893617021
162.211 4.067914893617021
166.629 3.851981340535232
166.711 3.851981340535232
170.784 3.6494699407281965
170.909 3.6494699407281965
175.633 4.303663789868668
175.904 4.303663789868668
