0.0 2.5560773286467486
0.019 2.5560773286467486
0.588 2.593
0.716 2.593
1.196 2.57208275862069
1.314 2.57208275862069
1.749 2.540564784053156
1.821 2.540564784053156
3.025 2.542461776061776
3.115 2.542461776061776
4.41 3.041511153298529
4.519 3.041511153298529
6.626 2.4465113137453565
6.717 2.4465113137453565
9.678 2.8807796264855687
9.716 2.8807796264855687
12.661 2.8007651888341543
12.713 2.8007651888341543
15.149 3.0513789649415695
15.212 3.0513789649415695
17.608 2.915297402093835
17.713 2.915297402093835
20.292 2.2548153609831028
20.411 2.2548153609831028
23.666 3.1548554768846317
23.713 3.1548554768846317
26.114 3.215511040452217
26.218 3.215511040452217
31.879 3.3010683127572014
31.914 3.3010683127572014
36.774 3.2144603322755274
36.81 3.2144603322755274
42.167 3.267483410631466
42.213 3.267483410631466
47.819 3.3018228456913827
47.916 3.3018228456913827
52.906 3.294845697329377
53.01 3.294845697329377
58.402 3.283317221693625
58.513 3.283317221693625
63.768 3.266903703703704
63.814 3.266903703703704
68.809 3.32348768849017
69.104 3.32348768849017
74.343 3.2941701575532902
74.411 3.2941701575532902
79.806 3.3169574036511156
79.913 3.3169574036511156
84.843 3.348836140888208
84.914 3.348836140888208
90.138 3.379182985553772
90.215 3.379182985553772
95.199 3.3682031438935915
95.318 3.3682031438935915
96.972 3.367893392559689
97.013 3.367893392559689
98.814 3.2754141414141413
98.912 3.2754141414141413
101.288 3.2338392709196353
101.416 3.2338392709196353
103.83 3.3131493598862023
103.912 3.3131493598862023
106.021 3.344557161629435
106.113 3.344557161629435
108.396 3.3430103871576957
108.516 3.3430103871576957
110.634 3.343815906338312
110.712 3.343815906338312
113.189 3.291548582635051
113.312 3.291548582635051
118.921 3.318804953560371
119.016 3.318804953560371
124.184 3.3496724100327158
124.314 3.3496724100327158
128.899 3.2842164022175493
129.015 3.2842164022175493
134.246 3.387095238095238
134.313 3.387095238095238
139.353 3.3363699961134863
139.408 3.3363699961134863
144.554 3.288095126705653
144.618 3.288095126705653
149.748 3.28877832141513
149.813 3.28877832141513
155.127 3.335709176655531
155.406 3.335709176655531
160.495 3.3570771219302022
160.617 3.3570771219302022
162.938 3.2522051716829163
163.01 3.2522051716829163
165.369 3.0334023166023165
165.414 3.0334023166023165
168.004 3.0387928669410154
168.117 3.0387928669410154
170.304 3.2273403241182077
170.414 3.2273403241182077
172.512 3.322330097087379
172.612 3.322330097087379
