0.0 0.7806806226516371
0.053 0.7806806226516371
1.916 0.7927643312101911
2.055 0.7927643312101911
3.625 0.7824167832167832
3.764 0.7824167832167832
5.194 0.8267659574468086
5.363 0.8267659574468086
6.867 0.8463016181229774
6.952 0.8463016181229774
8.497 0.8461574539363483
8.655 0.8461574539363483
9.849 0.9686887835703002
9.95 0.9686887835703002
11.216 0.9618201936376211
11.342 0.9618201936376211
12.788 1.5552003647139274
12.969 1.5552003647139274
17.356 1.623607372862536
17.431 1.623607372862536
21.934 2.332057071960298
22.02 2.332057071960298
25.244 2.4079475065616798
25.321 2.4079475065616798
28.369 2.4301597690086623
28.416 2.4301597690086623
31.533 2.876043010752688
31.62 2.876043010752688
34.503 3.3742546201232035
34.611 3.3742546201232035
36.559 2.6553375481881263
36.615 2.6553375481881263
43.1 1.997547655398037
43.216 1.997547655398037
52.386 2.0529320388349515
52.529 2.0529320388349515
54.795 2.4910668348045397
54.918 2.4910668348045397
58.09 2.3438122423089123
58.216 2.3438122423089123
61.369 1.9076844075956136
61.42 1.9076844075956136
65.159 2.815714075165807
65.222 2.815714075165807
67.936 2.5407506561679787
68.012 2.5407506561679787
71.06 3.3833575229801647
71.121 3.3833575229801647
73.188 4.281172824791418
73.306 4.281172824791418
74.984 3.657295982627579
75.111 3.657295982627579
79.716 5.241986870897155
79.813 5.241986870897155
83.469 4.965811772112056
83.506 4.965811772112056
86.683 4.2019960629921265
86.814 4.2019960629921265
90.878 3.649477234401349
91.011 3.649477234401349
95.755 4.471183284845279
95.809 4.471183284845279
99.59 3.982112630359212
99.71 3.982112630359212
104.025 3.42088056206089
104.111 3.42088056206089
109.235 2.5639927119831816
109.503 2.5639927119831816
116.638 3.316381534039878
116.718 3.316381534039878
122.285 3.3021917597227572
122.41 3.3021917597227572
127.604 2.9850822157434402
127.713 2.9850822157434402
132.858 2.458462507155123
132.913 2.458462507155123
139.901 1.5647076076993582
140.045 1.5647076076993582
150.955 2.8081221922731356
151.019 2.8081221922731356
152.132 2.0190854638422207
152.219 2.0190854638422207
153.588 2.186240227434257
153.721 2.186240227434257
155.128 3.5816400298730398
155.211 3.5816400298730398
156.55 3.9672993890020365
156.617 3.9672993890020365
158.581 4.71829766297663
158.61 4.71829766297663
160.236 4.718625825825826
160.31 4.718625825825826
161.975 5.456354679802955
162.01 5.456354679802955
163.228 6.253208560029018
163.308 6.253208560029018
166.065 4.4854376222135315
166.107 4.4854376222135315
