0.0 1.6583899657924743
0.027 1.6583899657924743
0.904 1.6706577181208053
1.021 1.6706577181208053
1.766 1.6649642857142857
1.823 1.6649642857142857
2.495 1.6713118279569892
2.627 1.6713118279569892
3.371 1.6429580838323354
3.437 1.6429580838323354
5.441 1.6838533333333332
5.526 1.6838533333333332
6.126 1.6617344173441735
6.228 1.6617344173441735
6.966 2.342323578133628
7.031 2.342323578133628
10.653 2.179764856230032
10.725 2.179764856230032
13.855 2.038222470030666
13.918 2.038222470030666
17.505 1.886713174404015
17.614 1.886713174404015
21.599 1.2671657458563537
21.725 1.2671657458563537
27.517 1.389108380707867
27.646 1.389108380707867
33.099 1.8372771992023045
33.227 1.8372771992023045
37.74 2.096666028708134
37.823 2.096666028708134
40.958 1.592015520586333
41.207 1.592015520586333
45.846 1.4239720125207143
45.936 1.4239720125207143
51.367 1.9265122349102775
51.423 1.9265122349102775
55.101 1.8930675610924772
55.218 1.8930675610924772
59.392 1.942702418506835
59.524 1.942702418506835
63.328 1.8412059886422303
63.422 1.8412059886422303
67.296 1.528981192476991
67.423 1.528981192476991
72.421 1.5283615551608447
72.527 1.5283615551608447
77.594 1.5736723672367237
77.725 1.5736723672367237
82.169 1.6390161989504903
82.413 1.6390161989504903
86.796 2.1647192353643967
86.926 2.1647192353643967
90.274 2.3844939091915833
90.315 2.3844939091915833
93.927 1.9366462324393359
94.021 1.9366462324393359
97.153 1.7363641231593039
97.227 1.7363641231593039
101.709 1.601330871794872
101.83 1.601330871794872
106.705 1.937186581646798
106.819 1.937186581646798
110.426 1.936992389649924
110.53 1.936992389649924
114.472 1.9662582615940016
114.519 1.9662582615940016
118.12 1.9374577777777777
118.413 1.9374577777777777
122.688 1.852504626495148
122.82 1.852504626495148
127.251 1.4296736084816357
127.321 1.4296736084816357
132.603 1.0835555555555556
132.743 1.0835555555555556
138.125 1.2731161971830987
138.245 1.2731161971830987
140.517 5.404671428571429
140.607 5.404671428571429
141.167 4.986346952444742
141.208 4.986346952444742
142.701 1.6000931966449208
142.812 1.6000931966449208
147.104 1.349134583744653
147.231 1.349134583744653
153.309 1.4317528271405493
153.616 1.4317528271405493
158.568 0.9108926817862988
158.632 0.9108926817862988
167.186 0.7818607372732592
167.368 0.7818607372732592
169.077 0.9381040293040293
169.168 0.9381040293040293
170.533 2.9025224274406334
170.618 2.9025224274406334
170.997 2.836180586907449
171.12 2.836180586907449
172.006 2.828906955736224
172.125 2.828906955736224
