0.0 1.7801811505507956
0.027 1.7801811505507956
0.844 1.7908489208633094
0.924 1.7908489208633094
1.619 1.7988038585209003
1.728 1.7988038585209003
2.35 1.7943088023088023
2.425 1.7943088023088023
3.118 1.781384196185286
3.228 1.781384196185286
3.962 1.7698
4.03 1.7698
5.47 1.5625798101811905
5.53 1.5625798101811905
10.166 1.546462996718921
10.226 1.546462996718921
15.712 1.861064920894708
15.842 1.861064920894708
19.508 1.768530237058539
19.638 1.768530237058539
23.772 1.5406868852459017
23.824 1.5406868852459017
28.704 1.7831448007774537
28.82 1.7831448007774537
32.936 1.3677876489707477
33.041 1.3677876489707477
38.579 1.2672523307351369
38.625 1.2672523307351369
45.168 1.3870116058240134
45.414 1.3870116058240134
50.153 1.3261555036810917
50.24 1.3261555036810917
55.809 1.2823067484662576
55.929 1.2823067484662576
61.96 2.160538740043447
62.024 2.160538740043447
63.405 2.2408618784530385
63.516 2.2408618784530385
64.964 2.2463602882305844
65.016 2.2463602882305844
66.265 1.56346346216304
66.323 1.56346346216304
69.402 1.4569776930409915
69.531 1.4569776930409915
74.776 1.8438590476190477
74.837 1.8438590476190477
79.037 1.6994896719319563
79.315 1.6994896719319563
83.43 1.8596448356199844
83.518 1.8596448356199844
87.381 1.5745122746035194
87.43 1.5745122746035194
92.033 2.1239930949445127
92.118 2.1239930949445127
96.173 1.9074138364779873
96.22 1.9074138364779873
99.4 1.6449765377298669
99.517 1.6449765377298669
104.248 1.5547675761800437
104.342 1.5547675761800437
109.363 1.6939229090909091
109.421 1.6939229090909091
113.546 2.1098712351478306
113.626 2.1098712351478306
117.245 2.326049934296978
117.506 2.326049934296978
120.55 1.977510881593508
120.621 1.977510881593508
123.332 1.5317126329539095
123.442 1.5317126329539095
128.801 1.4717474176573766
128.92 1.4717474176573766
134.051 1.1436940576583643
134.143 1.1436940576583643
139.242 1.9523390535621425
139.346 1.9523390535621425
143.192 1.8087384921622294
143.324 1.8087384921622294
147.343 1.5445261410788382
147.425 1.5445261410788382
152.245 1.5595708390646492
152.336 1.5595708390646492
155.244 1.637933972310969
155.327 1.637933972310969
157.205 1.738752336448598
157.329 1.738752336448598
159.041 1.8630435706695005
159.123 1.8630435706695005
161.005 2.215056210964608
161.118 2.215056210964608
162.559 1.4263819898329702
162.617 1.4263819898329702
168.125 1.8486342141863699
168.217 1.8486342141863699
171.812 1.500323509860403
171.939 1.500323509860403
176.452 1.7195979899497489
176.518 1.7195979899497489
