0.0 3.2537091722595077
0.014 3.2537091722595077
0.461 3.249712793733681
0.516 3.249712793733681
0.899 3.2811026392961877
1.015 3.2811026392961877
1.356 3.2130672268907565
1.421 3.2130672268907565
2.373 3.244506203473945
2.417 3.244506203473945
2.82 3.0824742664742666
2.913 3.0824742664742666
4.992 2.956783673469388
5.113 2.956783673469388
7.563 4.375397627643115
7.616 4.375397627643115
9.555 4.3238895608729955
9.61 4.3238895608729955
13.413 4.394430995188655
13.508 4.394430995188655
17.457 4.119444681355129
17.508 4.119444681355129
21.729 4.01422816229117
21.809 4.01422816229117
25.999 5.124877935633517
26.107 5.124877935633517
29.556 4.291138142385668
29.607 4.291138142385668
33.849 4.383385792349727
33.91 4.383385792349727
37.57 4.301739695228579
37.61 4.301739695228579
41.613 3.6848746731040034
41.904 3.6848746731040034
46.875 3.2420495867768597
46.912 3.2420495867768597
51.994 4.941810292072322
52.109 4.941810292072322
55.704 4.764935653134493
55.808 4.764935653134493
59.429 4.102107591754651
59.509 4.102107591754651
63.487 3.7141109215017063
63.613 3.7141109215017063
68.301 3.9669749999999997
68.41 3.9669749999999997
72.89 3.423194473518945
73.011 3.423194473518945
77.788 5.060549609487995
77.913 5.060549609487995
81.37 5.142549007633588
81.601 5.142549007633588
84.876 4.870318678526049
84.908 4.870318678526049
88.843 4.666188701567584
88.909 4.666188701567584
92.29 5.206375609756098
92.409 5.206375609756098
95.689 5.154248288181006
95.808 5.154248288181006
99.167 5.028418798334324
99.206 5.028418798334324
102.568 5.657825485676654
102.608 5.657825485676654
105.645 5.788834874504623
105.706 5.788834874504623
108.734 5.147464265616207
108.808 5.147464265616207
112.362 5.322080138368405
112.6 5.322080138368405
116.069 5.918420979986197
116.105 5.918420979986197
119.003 5.638123348017621
119.107 5.638123348017621
121.831 5.061796110783736
121.908 5.061796110783736
125.302 4.501835443037975
125.41 4.501835443037975
129.202 4.797138865604918
129.309 4.797138865604918
132.888 4.946606451612904
133.01 4.946606451612904
136.42 4.885817165222254
136.51 4.885817165222254
140.087 4.323847172694855
140.211 4.323847172694855
144.137 3.3495879245283016
144.403 3.3495879245283016
149.703 3.927818853974122
149.812 3.927818853974122
154.14 5.197237709658762
154.211 5.197237709658762
157.669 4.935237496067947
157.71 4.935237496067947
160.889 5.097603784742756
161.009 5.097603784742756
164.391 4.982304083405734
164.507 4.982304083405734
