0.0 3.5473365853658536
0.013 3.5473365853658536
0.423 3.556114285714286
0.515 3.556114285714286
0.865 3.5037403245942573
0.917 3.5037403245942573
1.718 3.5159080459770116
1.813 3.5159080459770116
2.683 4.029973072215422
2.711 4.029973072215422
3.528 2.8243561040105774
3.614 2.8243561040105774
5.883 2.777653374233129
5.916 2.777653374233129
8.524 2.9054438356164383
8.614 2.9054438356164383
11.534 2.9256706689536878
11.614 2.9256706689536878
13.946 2.2268199666367257
14.018 2.2268199666367257
21.811 2.5026160046056423
21.92 2.5026160046056423
28.868 2.1095718048413397
28.913 2.1095718048413397
36.886 2.2397421643997637
37.021 2.2397421643997637
40.403 1.733200668896321
40.716 1.733200668896321
45.5 1.9864152311876702
45.629 1.9864152311876702
48.938 2.3408431061806656
49.016 2.3408431061806656
52.171 2.2645950219619326
52.217 2.2645950219619326
55.632 3.3613434535104365
55.713 3.3613434535104365
57.821 2.842325179856115
57.91 2.842325179856115
60.69 2.464989993328886
60.815 2.464989993328886
63.813 2.4681079584775087
63.918 2.4681079584775087
66.808 2.949381705905056
66.919 2.949381705905056
69.51 2.046566596194503
69.809 2.046566596194503
73.593 1.9436909394107837
73.721 1.9436909394107837
77.319 1.8610901554404145
77.424 1.8610901554404145
81.284 1.8297096692754355
81.325 1.8297096692754355
85.286 2.183217237008872
85.319 2.183217237008872
89.264 1.911019533711405
89.32 1.911019533711405
92.494 2.0442301024428686
92.623 2.0442301024428686
96.43 2.1335031429352282
96.511 2.1335031429352282
100.17 1.7582868646200303
100.229 1.7582868646200303
104.203 1.782358543417367
104.513 1.782358543417367
108.797 2.1307541378272643
108.918 2.1307541378272643
112.241 1.8418127640649322
112.318 1.8418127640649322
116.815 2.4459022646007154
116.926 2.4459022646007154
120.282 2.86912462006079
120.316 2.86912462006079
122.948 2.815884113954611
123.012 2.815884113954611
125.083 2.879101226993865
125.116 2.879101226993865
127.724 3.0251019558884726
127.813 3.0251019558884726
130.216 2.3588770595690747
130.313 2.3588770595690747
133.469 1.84266165817011
133.716 1.84266165817011
137.443 1.9491419063465654
137.526 1.9491419063465654
141.733 2.284898485336771
141.821 2.284898485336771
144.924 2.34268671076368
145.02 2.34268671076368
148.346 2.23281490104773
148.417 2.23281490104773
151.853 1.9819656912209889
151.919 1.9819656912209889
155.883 2.3888713156002876
155.928 2.3888713156002876
158.71 3.219667142177841
158.822 3.219667142177841
160.925 8.251269064748202
161.009 8.251269064748202
