0.0 3.4061077283372363
0.013 3.4061077283372363
0.44 3.409972602739726
0.515 3.409972602739726
0.88 3.421577981651376
0.914 3.421577981651376
1.241 3.368766519823789
1.316 3.368766519823789
2.224 3.357470315789474
2.314 3.357470315789474
4.689 3.3552167539267015
4.813 3.3552167539267015
6.723 3.3599814471243046
6.811 3.3599814471243046
8.967 3.4296847622613256
9.011 3.4296847622613256
14.353 3.2821860279441117
14.415 3.2821860279441117
19.425 3.343018300905413
19.515 3.343018300905413
24.706 3.4269168309026408
24.816 3.4269168309026408
29.89 3.4831303351475222
30.014 3.4831303351475222
33.505 3.501991678224688
33.802 3.501991678224688
35.965 3.4809538203190598
36.014 3.4809538203190598
38.396 3.444993710691824
38.51 3.444993710691824
40.418 3.4414538676607638
40.513 3.4414538676607638
42.659 3.4128826125330978
42.714 3.4128826125330978
44.98 3.3824873742558
45.014 3.3824873742558
49.885 3.2395711159737415
50.013 3.2395711159737415
55.497 3.31676893502499
55.615 3.31676893502499
60.817 3.3329624183006534
60.916 3.3329624183006534
65.812 2.9526457520773275
65.913 2.9526457520773275
71.81 3.160036984352774
71.911 3.160036984352774
77.535 3.2889380530973455
77.615 3.2889380530973455
82.587 3.435648075412412
82.715 3.435648075412412
87.807 3.4203590576766856
88.105 3.4203590576766856
93.029 3.4191314013497416
93.116 3.4191314013497416
95.635 3.423011286681716
95.715 3.423011286681716
97.487 3.3836452173913045
97.514 3.3836452173913045
99.814 3.3547434464976362
99.916 3.3547434464976362
102.243 3.3561152737752162
102.312 3.3561152737752162
104.394 3.356318241758242
104.514 3.356318241758242
106.789 3.4073609239653515
106.916 3.4073609239653515
108.994 3.4396312292358804
109.115 3.4396312292358804
111.523 3.4271943567848524
111.805 3.4271943567848524
117.192 3.3604200626959244
117.312 3.3604200626959244
122.416 3.3754391208791206
122.515 3.3754391208791206
127.065 3.405299504459861
127.115 3.405299504459861
132.16 3.363735960591133
132.21 3.363735960591133
137.285 3.352657684046085
137.416 3.352657684046085
142.537 3.1718555848063184
142.615 3.1718555848063184
147.933 3.20906500183621
148.019 3.20906500183621
153.465 3.4580207781625587
153.516 3.4580207781625587
158.425 3.442469652898972
158.705 3.442469652898972
163.862 3.419754576543955
163.913 3.419754576543955
168.884 3.408465075921909
169.016 3.408465075921909
171.321 3.3959325498211546
171.414 3.3959325498211546
173.371 3.3939649122807016
173.414 3.3939649122807016
175.409 3.397730496453901
175.514 3.397730496453901
