0.0 4.3157507418397625
0.009 4.3157507418397625
0.346 4.306712802768167
0.412 4.306712802768167
0.701 4.252266666666666
0.81 4.252266666666666
1.47 4.248388888888889
1.509 4.248388888888889
2.229 4.234727562400425
2.312 4.234727562400425
4.195 4.232803170409511
4.308 4.232803170409511
5.822 2.4406504524886876
5.911 2.4406504524886876
12.983 2.746009592326139
13.112 2.746009592326139
19.784 4.485475177304965
19.91 4.485475177304965
23.576 4.6424847512038525
23.607 4.6424847512038525
27.345 2.963725242883927
27.408 2.963725242883927
33.275 2.4116636255454185
33.325 2.4116636255454185
38.367 3.2635967255493323
38.604 3.2635967255493323
40.925 3.662381625441696
41.011 3.662381625441696
43.275 2.5011598173515983
43.312 2.5011598173515983
45.94 4.930146862483311
46.007 4.930146862483311
47.505 2.659419532324622
47.606 2.659419532324622
50.514 2.4484146510020732
50.613 2.4484146510020732
53.507 2.2673354375896704
53.614 2.2673354375896704
57.099 2.6563767074047444
57.213 2.6563767074047444
59.995 2.6605117493472585
60.116 2.6605117493472585
62.797 2.7788320180383317
62.916 2.7788320180383317
64.69 2.8629234750462107
64.815 2.8629234750462107
67.52 3.6768664563617244
67.61 3.6768664563617244
69.512 3.389058504455637
69.61 3.389058504455637
74.772 4.65115934824634
74.807 4.65115934824634
78.428 3.936874281018899
78.509 3.936874281018899
83.377 2.25860901932713
83.411 2.25860901932713
90.396 3.9411290099238405
90.518 3.9411290099238405
94.851 5.648652528548124
94.905 5.648652528548124
97.97 5.0075663507109
98.009 5.0075663507109
101.385 4.624008611410119
101.508 4.624008611410119
105.224 3.9883030716723553
105.503 3.9883030716723553
109.898 3.6147180399130607
110.013 3.6147180399130607
115.074 3.582129608071401
115.112 3.582129608071401
120.266 3.8629693693693694
120.313 3.8629693693693694
124.753 3.510456685714286
124.81 3.510456685714286
129.185 2.7767473735251333
129.314 2.7767473735251333
135.501 2.6773776662484314
135.615 2.6773776662484314
141.991 2.0099461484429875
142.115 2.0099461484429875
150.657 3.899597592433362
150.72 3.899597592433362
151.883 3.9864073894020415
151.909 3.9864073894020415
153.966 4.420224438902743
154.008 4.420224438902743
155.612 4.182381105743425
155.707 4.182381105743425
157.57 3.677829338446788
157.611 3.677829338446788
159.697 3.010393299832496
159.812 3.010393299832496
165.782 4.52788455988456
165.909 4.52788455988456
169.374 3.6211081705524046
169.413 3.6211081705524046
174.174 3.08562389023406
174.211 3.08562389023406
