0.0 3.8073507853403146
0.011 3.8073507853403146
0.393 3.8296615384615382
0.511 3.8296615384615382
0.836 3.831698630136986
0.913 3.831698630136986
1.205 3.7624108241082412
1.314 3.7624108241082412
2.127 3.7401463414634146
2.212 3.7401463414634146
4.344 3.3204476683937822
4.412 3.3204476683937822
6.342 3.662345803842265
6.415 3.662345803842265
8.393 3.3827336523125995
8.508 3.3827336523125995
11.016 3.1161174909986733
11.122 3.1161174909986733
16.399 3.216609453197405
16.513 3.216609453197405
21.908 2.8122555393821767
22.017 2.8122555393821767
28.2 2.797673985362608
28.313 2.797673985362608
34.325 2.379770028275212
34.607 2.379770028275212
37.79 2.3819683998850905
37.915 2.3819683998850905
41.396 2.134799610263072
41.514 2.134799610263072
44.593 2.120401952339937
44.721 2.120401952339937
48.204 2.5925551458263496
48.321 2.5925551458263496
51.304 2.998608548455353
51.411 2.998608548455353
53.774 3.0614738473459897
53.816 3.0614738473459897
56.397 3.2285015290519876
56.51 3.2285015290519876
58.799 3.279462988505747
58.911 3.279462988505747
61.086 3.308159307359307
61.305 3.308159307359307
63.615 3.2886839378238344
63.718 3.2886839378238344
69.122 3.1278882938026014
69.216 3.1278882938026014
74.444 3.0552427523576666
74.516 3.0552427523576666
80.242 2.8927942287873583
80.311 2.8927942287873583
86.133 1.9115004987033712
86.214 1.9115004987033712
96.24 1.898458841940532
96.334 1.898458841940532
99.529 3.3544758620689654
99.612 3.3544758620689654
101.932 2.451016640502355
102.016 2.451016640502355
105.201 2.556689352360044
105.511 2.556689352360044
108.244 2.4670836833602583
108.317 2.4670836833602583
111.412 2.4356711386308914
111.516 2.4356711386308914
114.423 3.5110775752437475
114.514 3.5110775752437475
116.873 3.2457287465401348
116.912 3.2457287465401348
119.441 3.29329960750109
119.517 3.29329960750109
121.81 3.3247981755986316
121.913 3.3247981755986316
123.667 3.3731787960467203
123.715 3.3731787960467203
125.941 3.1630461367426346
126.015 3.1630461367426346
131.412 1.4965969316596932
131.544 1.4965969316596932
143.016 1.9677936962750717
143.123 1.9677936962750717
146.613 2.0393036558070134
146.723 2.0393036558070134
150.744 2.6018495412844036
150.815 2.6018495412844036
153.54 3.0496187866927595
153.614 3.0496187866927595
156.169 3.1781077050538524
156.217 3.1781077050538524
158.631 3.1004388318863456
158.712 3.1004388318863456
161.246 2.821804846103471
161.317 2.821804846103471
162.844 2.8153679833679837
162.92 2.8153679833679837
165.325 3.050336170212766
165.416 3.050336170212766
