0.0 1.096838612368024
0.043 1.096838612368024
1.369 1.1083170080142475
1.447 1.1083170080142475
2.57 1.105588932806324
2.646 1.105588932806324
3.658 1.1082495543672015
3.746 1.1082495543672015
4.868 1.0987697478991598
4.945 1.0987697478991598
6.135 1.09143982869379
6.25 1.09143982869379
8.585 1.0779940476190477
8.651 1.0779940476190477
15.371 1.1116215932914046
15.447 1.1116215932914046
23.079 1.1840695102685626
23.138 1.1840695102685626
25.67 1.2096086956521739
25.74 1.2096086956521739
26.66 1.2245198697068405
26.741 1.2245198697068405
32.881 1.1200097665191515
32.937 1.1200097665191515
39.49 1.1452688237072874
39.639 1.1452688237072874
46.253 1.1694373983739839
46.343 1.1694373983739839
47.573 1.273190909090909
47.635 1.273190909090909
48.515 1.411357142857143
48.636 1.411357142857143
49.42 1.419124845488257
49.533 1.419124845488257
50.342 1.3942542056074767
50.428 1.3942542056074767
52.568 1.3696783452933727
52.636 1.3696783452933727
55.005 1.307740222969386
55.131 1.307740222969386
60.782 1.1801508934480476
60.841 1.1801508934480476
66.885 1.059748717237554
66.934 1.059748717237554
74.145 1.3607815849587066
74.245 1.3607815849587066
79.936 1.4220008133387556
80.036 1.4220008133387556
84.954 1.4236638921918352
85.035 1.4236638921918352
90.081 1.1776860578485537
90.13 1.1776860578485537
96.284 1.1268863011906318
96.441 1.1268863011906318
104.084 1.1488888888888888
104.244 1.1488888888888888
105.018 1.1409842154131848
105.136 1.1409842154131848
106.213 1.141984674329502
106.342 1.141984674329502
107.386 1.1366137184115523
107.547 1.1366137184115523
108.655 1.1252902319044271
108.741 1.1252902319044271
111.587 1.137076095311299
111.744 1.137076095311299
114.346 1.1358118644067796
114.451 1.1358118644067796
119.171 1.2442698196149766
119.24 1.2442698196149766
125.837 1.2678871725990597
125.938 1.2678871725990597
131.894 1.2760822757111598
132.033 1.2760822757111598
136.603 1.1745183794775536
136.734 1.1745183794775536
143.127 1.1726601064687852
143.242 1.1726601064687852
149.441 1.2904376548307184
149.718 1.2904376548307184
152.14 1.3182004454342984
152.242 1.3182004454342984
153.14 1.3039838872104732
153.233 1.3039838872104732
154.226 1.2912805600430801
154.338 1.2912805600430801
158.052 1.3053790022338048
158.134 1.3053790022338048
160.82 1.3044119329791581
160.939 1.3044119329791581
163.386 1.2401755327545383
163.441 1.2401755327545383
169.776 1.1985284039675381
169.845 1.1985284039675381
175.39 1.3731413506388157
175.536 1.3731413506388157
180.467 1.3750861079219288
180.535 1.3750861079219288
