0.0 1.7780048899755503
0.023 1.7780048899755503
0.841 1.796017316017316
0.922 1.796017316017316
1.615 1.8017004830917873
1.725 1.8017004830917873
2.346 1.8021101449275363
2.425 1.8021101449275363
3.115 1.781384196185286
3.224 1.781384196185286
3.958 1.6913937423811458
4.033 1.6913937423811458
6.494 1.3984787644787646
6.634 1.3984787644787646
11.814 1.391943560295324
11.933 1.391943560295324
18.028 1.0737588920365124
18.132 1.0737588920365124
24.486 1.2100470043032108
24.653 1.2100470043032108
30.695 2.0850116472545754
30.814 2.0850116472545754
34.42 4.03486750962067
34.513 4.03486750962067
36.332 5.406715203426124
36.408 5.406715203426124
37.809 3.157514089870525
37.904 3.157514089870525
40.53 2.4317602663706994
40.806 2.4317602663706994
43.509 2.4667201068804276
43.617 2.4667201068804276
46.611 2.470796166134185
46.72 2.470796166134185
49.85 2.5252002851033497
49.916 2.5252002851033497
52.722 2.5497463697967087
52.819 2.5497463697967087
55.918 5.089559228650137
56.013 5.089559228650137
57.465 2.63579130996608
57.52 2.63579130996608
63.711 2.183018054162487
63.834 2.183018054162487
71.81 2.643063915450428
71.917 2.643063915450428
73.904 1.9474798106377054
74.21 1.9474798106377054
77.801 2.0744464337279815
77.918 2.0744464337279815
81.381 2.445993925075937
81.52 2.445993925075937
84.483 2.807298565840939
84.614 2.807298565840939
87.682 1.8831344303011488
87.817 1.8831344303011488
91.038 2.5566307490144546
91.12 2.5566307490144546
94.164 2.2406681974741676
94.219 2.2406681974741676
97.703 2.2126130462317923
97.819 2.2126130462317923
100.977 1.935519391634981
101.026 1.935519391634981
104.971 2.0206894977168948
105.208 2.0206894977168948
108.712 1.1342963571624212
108.817 1.1342963571624212
116.119 2.491183004552352
116.216 2.491183004552352
119.511 1.2573320013320013
119.622 1.2573320013320013
125.628 2.2377958557175748
125.722 2.2377958557175748
128.328 1.3951497584541062
128.432 1.3951497584541062
133.814 3.1239020197679417
133.911 3.1239020197679417
136.238 2.054820866685068
136.32 2.054820866685068
139.943 1.9247757847533633
140.03 1.9247757847533633
143.598 2.2490510148107514
143.904 2.2490510148107514
147.55 2.4264339493497604
147.616 2.4264339493497604
150.538 2.2571772885283896
150.621 2.2571772885283896
154.073 1.8725779838906518
154.128 1.8725779838906518
158.225 1.6289678623263528
158.327 1.6289678623263528
163.15 1.9483553210202287
163.227 1.9483553210202287
166.638 2.373277252015422
166.721 2.373277252015422
169.574 1.8576192322605662
169.624 1.8576192322605662
