0.0 1.9574804845222071
0.02 1.9574804845222071
0.763 1.9756190476190476
0.824 1.9756190476190476
1.454 1.9802761061946903
1.527 1.9802761061946903
2.092 1.9737396825396825
2.227 1.9737396825396825
2.857 1.9632672672672673
2.919 1.9632672672672673
3.585 1.9390208774583964
3.733 1.9390208774583964
7.038 1.4110089598753408
7.123 1.4110089598753408
12.257 1.8272444540167994
12.352 1.8272444540167994
16.995 3.043115075825156
17.119 3.043115075825156
19.361 3.7608559670781894
19.414 3.7608559670781894
21.358 3.7387130780706115
21.414 3.7387130780706115
23.425 2.0963793201942305
23.522 2.0963793201942305
27.023 1.3411487252124645
27.12 1.3411487252124645
32.768 1.9336828358208955
33.021 1.9336828358208955
37.309 3.684443946188341
37.418 3.684443946188341
39.202 4.55324290998767
39.306 4.55324290998767
40.928 1.8413314285714286
41.023 1.8413314285714286
45.223 0.811557897148093
45.318 0.811557897148093
54.049 1.4659858998144712
54.153 1.4659858998144712
59.543 1.7616305125148988
59.621 1.7616305125148988
63.816 1.756855172413793
63.926 1.756855172413793
67.986 2.416776723592663
68.115 2.416776723592663
71.277 1.231977091950366
71.516 1.231977091950366
77.802 2.419861591695502
77.919 2.419861591695502
80.809 2.823823899371069
80.92 2.823823899371069
83.464 2.1435906536527654
83.515 2.1435906536527654
86.896 1.3638625494853522
87.026 1.3638625494853522
93.341 1.3557389360751007
93.439 1.3557389360751007
97.913 4.148392324093817
98.013 4.148392324093817
99.889 0.8702885172798216
100.011 0.8702885172798216
108.981 1.0773098982423683
109.066 1.0773098982423683
115.552 1.9132107241292908
115.81 1.9132107241292908
119.801 2.7496951672862457
119.922 2.7496951672862457
120.998 2.743102990033223
121.116 2.743102990033223
122.32 2.740140051238258
122.416 2.740140051238258
123.587 2.73111609403255
123.717 2.73111609403255
126.482 2.730194756554307
126.618 2.730194756554307
128.754 2.728450581395349
128.818 2.728450581395349
131.57 2.998894389438944
131.616 2.998894389438944
134.04 3.947304347826087
134.111 3.947304347826087
135.997 3.9392638953759924
136.114 3.9392638953759924
140.396 4.952272031737036
140.511 4.952272031737036
144.04 3.0194635361081463
144.119 3.0194635361081463
149.741 2.2960186239006726
149.824 2.2960186239006726
157.556 2.6640965365930107
157.635 2.6640965365930107
164.016 2.2580319634703194
164.12 2.2580319634703194
169.376 2.2658847596317764
169.421 2.2658847596317764
172.354 1.3798573466476463
172.416 1.3798573466476463
177.323 1.362958748221906
177.435 1.362958748221906
