0.0 0.859071470761961
0.053 0.859071470761961
1.746 0.8577808407994487
1.858 0.8577808407994487
3.309 0.748398662207358
3.449 0.748398662207358
4.944 0.6915773081201335
5.097 0.6915773081201335
6.895 1.0377269841269843
7.041 1.0377269841269843
8.301 1.272433249370277
8.442 1.272433249370277
9.236 1.5622420382165605
9.328 1.5622420382165605
10.113 1.3496493795736557
10.237 1.3496493795736557
16.523 1.556264598540146
16.626 1.556264598540146
21.01 1.4972566045463855
21.145 1.4972566045463855
26.028 2.5297954239569314
26.119 2.5297954239569314
29.091 2.5317088651259056
29.216 2.5317088651259056
32.115 2.5048968253968256
32.217 2.5048968253968256
35.241 2.1587170007810466
35.321 2.1587170007810466
39.162 2.1327216093445815
39.217 2.1327216093445815
42.299 2.1295732410611303
42.607 2.1295732410611303
46.075 2.1310531826949575
46.119 2.1310531826949575
49.748 2.130400481058328
49.818 2.130400481058328
53.144 2.0370363495746324
53.221 2.0370363495746324
57.1 2.0196884394643346
57.228 2.0196884394643346
60.887 1.9377430046183104
61.02 1.9377430046183104
64.701 1.9375882352941176
64.823 1.9375882352941176
68.767 1.782326352128884
68.819 1.782326352128884
73.164 1.6393342709798406
73.228 1.6393342709798406
77.494 1.635657559198543
77.814 1.635657559198543
82.206 1.3747116843702578
82.327 1.3747116843702578
87.599 1.637412927756654
87.727 1.637412927756654
92.987 1.597886195995785
93.127 1.597886195995785
96.923 1.520590855803048
97.025 1.520590855803048
102.143 2.370631035529912
102.216 2.370631035529912
105.509 2.3694242115971513
105.617 2.3694242115971513
108.566 2.20237207960773
108.615 2.20237207960773
112.082 3.4572734375
112.116 3.4572734375
114.164 3.453974979149291
114.404 3.453974979149291
116.802 2.348626037195994
116.912 2.348626037195994
120.407 1.4711739723358659
120.558 1.4711739723358659
125.691 2.3890602212208107
125.83 2.3890602212208107
128.271 2.637406392694064
128.313 2.637406392694064
131.16 5.30607299270073
131.209 5.30607299270073
132.579 5.79798753894081
132.613 5.79798753894081
133.897 6.581321888412017
134.01 6.581321888412017
136.573 5.140167058823529
136.611 5.140167058823529
140.011 2.6881114806017417
140.112 2.6881114806017417
146.427 2.233620533467539
146.517 2.233620533467539
154.465 2.2675203414699214
154.525 2.2675203414699214
162.022 2.4850730088495574
162.117 2.4850730088495574
169.349 1.7961213508872351
169.42 1.7961213508872351
178.155 1.6490404286410132
178.23 1.6490404286410132
182.336 1.6514305411926922
182.429 1.6514305411926922
