0.0 3.00497520661157
0.016 3.00497520661157
0.5 3.020970873786408
0.617 3.020970873786408
1.029 3.0239351351351353
1.115 3.0239351351351353
1.485 2.972633624878523
1.517 2.972633624878523
2.546 2.9608705035971226
2.614 2.9608705035971226
3.726 2.9572976465159204
3.814 2.9572976465159204
5.981 2.9604086636697997
6.01 2.9604086636697997
8.457 2.5197196317196315
8.516 2.5197196317196315
11.883 1.7494010256410257
12.027 1.7494010256410257
15.927 5.344374269005848
16.016 5.344374269005848
17.384 7.821941520467837
17.407 7.821941520467837
19.63 2.686410477559495
19.703 2.686410477559495
25.964 1.8664946145723336
26.019 1.8664946145723336
35.489 1.9756092446985942
35.808 1.9756092446985942
40.005 1.8499994370954123
40.123 1.8499994370954123
43.676 1.88642656449553
43.727 1.88642656449553
47.642 2.0144808543891637
47.722 2.0144808543891637
51.561 1.9423552631578949
51.622 1.9423552631578949
55.27 1.9438287822878229
55.323 1.9438287822878229
59.388 1.9355788370874805
59.526 1.9355788370874805
63.344 1.8894919205298013
63.421 1.8894919205298013
67.196 1.9033245330012454
67.325 1.9033245330012454
71.34 2.0519894011658715
71.607 2.0519894011658715
75.381 2.114726338070759
75.421 2.114726338070759
78.728 2.3914141145139816
78.816 2.3914141145139816
81.82 1.9158022733280466
81.925 1.9158022733280466
85.708 1.9826869244935543
85.823 1.9826869244935543
90.167 1.8966779237023141
90.224 1.8966779237023141
93.422 1.994460276781138
93.519 1.994460276781138
97.421 1.9375745842640855
97.521 1.9375745842640855
101.55 2.022411577424023
101.623 2.022411577424023
105.078 2.0670341093665403
105.309 2.0670341093665403
109.003 3.069135674035544
109.11 3.069135674035544
111.417 2.0083976721629484
111.517 2.0083976721629484
115.641 2.8501555555555558
115.714 2.8501555555555558
118.594 1.8400428849902535
118.714 1.8400428849902535
122.818 1.7016912751677853
122.926 1.7016912751677853
126.353 1.7580650901428236
126.427 1.7580650901428236
130.698 1.8525280326197757
130.821 1.8525280326197757
134.745 1.7284922219642442
134.829 1.7284922219642442
139.136 2.2747929778072207
139.409 2.2747929778072207
142.428 1.8543735866123925
142.516 1.8543735866123925
146.938 2.0147882921284457
147.025 2.0147882921284457
150.544 1.775701002734731
150.624 1.775701002734731
155.012 1.7750930124942157
155.125 1.7750930124942157
159.447 1.917625579692458
159.527 1.917625579692458
163.624 1.893941293815902
163.717 1.893941293815902
167.226 1.7832393995259415
167.329 1.7832393995259415
171.126 2.0623331898407233
171.218 2.0623331898407233
