0.0 7.458502564102564
0.008 7.458502564102564
0.203 7.408571428571428
0.305 7.408571428571428
0.473 7.2896
0.506 7.2896
0.891 7.352980769230769
1.005 7.352980769230769
1.421 7.308883593033913
1.508 7.308883593033913
2.599 7.289066166119192
2.703 7.289066166119192
4.834 7.29513102282333
4.905 7.29513102282333
7.271 7.290639076800637
7.306 7.290639076800637
9.819 7.288897163120568
9.902 7.288897163120568
12.158 6.695064814814815
12.205 6.695064814814815
14.797 6.039658214657868
14.906 6.039658214657868
17.785 5.83002287694974
17.906 5.83002287694974
20.791 5.304833133253302
20.908 5.304833133253302
24.24 5.120396061884669
24.5 5.120396061884669
28.055 5.294782838283829
28.108 5.294782838283829
31.138 5.503312240332374
31.206 5.503312240332374
34.335 5.139593714927049
34.407 5.139593714927049
37.971 4.39479754601227
38.009 4.39479754601227
41.758 4.410577954319761
41.809 4.410577954319761
45.837 6.21983850036049
45.906 6.21983850036049
48.68 6.204632699619772
48.707 6.204632699619772
51.337 4.749523186033825
51.405 4.749523186033825
55.071 4.576885912953902
55.301 4.576885912953902
59.184 4.579277513301597
59.308 4.579277513301597
62.879 4.027237569060774
62.909 4.027237569060774
67.253 3.1849183055975794
67.317 3.1849183055975794
72.605 4.732025679012346
72.714 4.732025679012346
76.764 3.0735211377362166
76.818 3.0735211377362166
81.951 5.1266622635845085
82.011 5.1266622635845085
85.342 5.5651301832208295
85.407 5.5651301832208295
88.518 4.007002607252904
88.61 4.007002607252904
92.829 3.2685592543275632
93.103 3.2685592543275632
98.36 3.3884770925961725
98.416 3.3884770925961725
103.589 4.467420757020757
103.712 4.467420757020757
107.807 6.475726411785338
107.908 6.475726411785338
110.759 6.343041420118343
110.806 6.343041420118343
113.51 4.683820677035682
113.607 4.683820677035682
116.886 3.6811090636383113
117.013 3.6811090636383113
121.68 3.4938518215309045
121.713 3.4938518215309045
126.599 3.563503528435035
126.714 3.563503528435035
131.532 3.618950439819781
131.803 3.618950439819781
136.464 3.635649677553568
136.512 3.635649677553568
141.319 6.137174258857557
141.413 6.137174258857557
144.179 5.425677261613692
144.207 5.425677261613692
147.479 4.2960828910791005
147.51 4.2960828910791005
151.467 4.58470612244898
151.512 4.58470612244898
155.432 5.0061008296107214
155.508 5.0061008296107214
158.642 4.576611627289621
158.71 4.576611627289621
162.477 4.396038328861633
162.511 4.396038328861633
