0.0 0.9893931972789115
0.042 0.9893931972789115
1.512 0.9965092073658928
1.648 0.9965092073658928
2.897 0.9857762114537445
3.044 0.9857762114537445
4.179 1.006846963562753
4.253 1.006846963562753
5.488 1.015167701863354
5.643 1.015167701863354
6.931 1.0215490394337714
7.05 1.0215490394337714
8.039 1.0211157368859285
8.142 1.0211157368859285
9.343 1.004843775909037
9.462 1.004843775909037
17.905 1.0094191448439118
18.045 1.0094191448439118
24.804 0.9862544179144745
24.946 0.9862544179144745
32.359 1.0179463850528025
32.454 1.0179463850528025
39.84 1.0289818780889621
40.129 1.0289818780889621
41.343 1.0287744
41.448 1.0287744
42.698 1.0179815994338286
42.851 1.0179815994338286
44.264 1.0295807560137458
44.357 1.0295807560137458
46.976 1.028691011235955
47.046 1.028691011235955
49.894 1.029475035663338
50.046 1.029475035663338
52.85 1.0254286541244573
52.942 1.0254286541244573
59.852 1.0295327687296416
59.943 1.0295327687296416
67.618 1.0523323996265175
67.743 1.0523323996265175
68.814 1.0528948247078465
69.129 1.0528948247078465
70.327 1.052957464553795
70.443 1.052957464553795
71.642 1.055890499194847
71.746 1.055890499194847
72.988 1.0406356413166857
73.045 1.0406356413166857
75.688 1.0328983465133
75.85 1.0328983465133
82.805 1.0230773574251835
83.137 1.0230773574251835
90.221 1.035191346153846
90.346 1.035191346153846
98.666 1.0357882513661203
98.744 1.0357882513661203
104.6 1.0389776192020759
104.749 1.0389776192020759
107.832 1.0069527027027028
108.125 1.0069527027027028
109.309 1.0018838504375498
109.454 1.0018838504375498
110.711 0.9899771251931994
111.027 0.9899771251931994
114.262 0.9928429530201343
114.346 0.9928429530201343
117.326 0.9797377632749926
117.448 0.9797377632749926
120.819 0.9782634146341463
120.953 0.9782634146341463
124.233 0.951554435483871
124.355 0.951554435483871
132.291 0.9536706459525757
132.456 0.9536706459525757
138.571 0.9765503966705684
138.654 0.9765503966705684
146.343 1.054873857404022
146.632 1.054873857404022
147.726 1.0516459246275196
147.853 1.0516459246275196
148.994 1.0588050089445438
149.145 1.0588050089445438
150.263 1.0510194805194806
150.344 1.0510194805194806
151.576 1.0393659217877096
151.645 1.0393659217877096
154.509 1.040738498070644
154.647 1.040738498070644
158.016 1.0371577864636907
158.16 1.0371577864636907
163.021 1.0353863995782815
163.151 1.0353863995782815
170.739 1.0284493964716805
170.852 1.0284493964716805
177.314 1.013010173548773
177.452 1.013010173548773
184.136 1.014870056497175
184.25 1.014870056497175
