0.0 4.085415730337078
0.011 4.085415730337078
0.367 4.107722772277228
0.41 4.107722772277228
0.713 4.128619926199263
0.812 4.128619926199263
1.083 4.117403973509934
1.11 4.117403973509934
1.412 4.029303688731683
1.518 4.029303688731683
3.497 4.0279472030169705
3.612 4.0279472030169705
5.203 6.625827255278311
5.311 6.625827255278311
7.916 6.968952453404337
8.004 6.968952453404337
10.633 3.932030607364897
10.704 3.932030607364897
14.886 4.234653001464128
15.012 4.234653001464128
19.11 4.426725050916497
19.208 4.426725050916497
23.136 4.4402365364308345
23.209 4.4402365364308345
26.997 4.407906234413964
27.109 4.407906234413964
31.119 4.0298888642904585
31.209 4.0298888642904585
35.726 4.1157496151872754
36.001 4.1157496151872754
39.899 3.804653999116218
40.01 3.804653999116218
44.536 4.341671486134155
44.608 4.341671486134155
48.827 4.379610845295056
48.908 4.379610845295056
52.67 4.136393015133876
52.71 4.136393015133876
57.005 4.394761079979623
57.109 4.394761079979623
61.035 4.073435846230654
61.109 4.073435846230654
65.115 4.181496637848223
65.209 4.181496637848223
69.373 4.400110918544193
69.409 4.400110918544193
73.448 4.41842745203999
73.702 4.41842745203999
77.403 4.342099776619508
77.509 4.342099776619508
81.538 4.26916299112801
81.609 4.26916299112801
85.554 4.407705611775529
85.611 4.407705611775529
89.959 4.117010438413361
90.011 4.117010438413361
93.843 4.511733685601057
93.91 4.511733685601057
97.695 4.399776365946633
97.809 4.399776365946633
101.744 4.199091902632887
101.809 4.199091902632887
105.835 4.083368821292775
105.911 4.083368821292775
110.119 4.076416744186046
110.402 4.076416744186046
114.702 4.3146433962264155
114.809 4.3146433962264155
119.049 4.216098652660425
119.109 4.216098652660425
123.488 4.134904532304724
123.612 4.134904532304724
127.76 4.344624611032532
127.808 4.344624611032532
131.343 4.2356351084812625
131.41 4.2356351084812625
135.466 4.171788856304985
135.51 4.171788856304985
139.602 4.110356715345942
139.711 4.110356715345942
143.888 4.1939154649428145
144.011 4.1939154649428145
148.033 3.555761546286877
148.304 3.555761546286877
153.219 4.377365652398144
153.31 4.377365652398144
157.188 4.23694892601432
157.309 4.23694892601432
161.499 4.376828012358394
161.61 4.376828012358394
165.494 4.365326208404178
165.61 4.365326208404178
169.727 4.23229565686539
169.809 4.23229565686539
173.516 4.282189766517636
173.608 4.282189766517636
177.634 4.311753383458647
177.711 4.311753383458647
