0.0 3.1686448801742917
0.015 3.1686448801742917
0.474 3.1832225063938617
0.514 3.1832225063938617
0.905 3.135749720670391
1.016 3.135749720670391
1.911 3.1334483195941663
2.013 3.1334483195941663
3.59 3.1282824637112596
3.718 3.1282824637112596
6.267 3.1230331384015595
6.315 3.1230331384015595
8.367 3.7788836724047994
8.415 3.7788836724047994
10.332 3.4670600735594608
10.41 3.4670600735594608
12.857 3.7861620421753606
12.912 3.7861620421753606
14.714 2.883617148554337
14.814 2.883617148554337
20.832 3.187566636113657
20.912 3.187566636113657
26.367 1.177761781387858
26.418 1.177761781387858
40.699 2.018872068230277
41.008 2.018872068230277
44.76 2.05136862939139
44.821 2.05136862939139
48.863 2.7172583712277802
48.922 2.7172583712277802
51.341 3.1536189451022607
51.416 3.1536189451022607
52.345 3.144496732026144
52.408 3.144496732026144
53.326 3.141083051991897
53.408 3.141083051991897
54.889 3.0579195046439627
55.014 3.0579195046439627
57.598 2.7139331619537272
57.716 2.7139331619537272
60.439 2.709013292821876
60.517 2.709013292821876
63.15 2.707954642097803
63.405 2.707954642097803
66.227 2.9569331806032837
66.318 2.9569331806032837
68.937 3.5644240570846075
69.012 3.5644240570846075
70.974 3.500964578747248
71.013 3.500964578747248
76.01 2.786079073614557
76.117 2.786079073614557
82.162 1.38824367982615
82.213 1.38824367982615
96.018 3.7418729179518815
96.114 3.7418729179518815
97.735 2.8176625633598844
97.813 2.8176625633598844
100.575 2.370631035529912
100.618 2.370631035529912
103.911 2.082692101341282
104.208 2.082692101341282
107.563 2.3913636078922647
107.619 2.3913636078922647
110.812 2.6963046458492004
110.912 2.6963046458492004
113.538 2.933982288345731
113.617 2.933982288345731
116.44 4.439398593834505
116.508 4.439398593834505
118.357 4.452556603773585
118.411 4.452556603773585
120.107 4.627372100030129
120.209 4.627372100030129
123.528 4.713233470507545
123.608 4.713233470507545
127.253 4.540148936170213
127.313 4.540148936170213
131.073 3.0774260620182825
131.117 3.0774260620182825
136.696 2.615588153202047
136.818 2.615588153202047
143.267 1.9213465259454705
143.323 1.9213465259454705
152.419 1.848273868914502
152.531 1.848273868914502
158.344 1.8145728924080113
158.424 1.8145728924080113
162.718 2.2039505889112325
162.82 2.2039505889112325
166.301 2.2680461893764434
166.418 2.2680461893764434
169.882 2.371820128479657
170.018 2.371820128479657
172.82 3.7679243183082916
172.914 3.7679243183082916
174.711 3.769315499606609
174.811 3.769315499606609
