0.0 4.997965635738831
0.01 4.997965635738831
0.301 5.018709677419355
0.406 5.018709677419355
0.654 4.932330404217926
0.708 4.932330404217926
1.277 4.917749196141479
1.309 4.917749196141479
1.931 4.928874251497006
2.008 4.928874251497006
2.676 4.8938248267170765
2.71 4.8938248267170765
5.884 4.895144639818491
6.008 4.895144639818491
9.534 4.110696881310298
9.607 4.110696881310298
14.064 3.6235680916703394
14.114 3.6235680916703394
18.652 3.8546441581519324
18.712 3.8546441581519324
23.214 4.081731455399061
23.309 4.081731455399061
27.569 3.731887286443311
27.611 3.731887286443311
32.118 3.71806983592764
32.209 3.71806983592764
36.963 3.7194540253371473
37.203 3.7194540253371473
42.097 3.7223183294663573
42.211 3.7223183294663573
46.521 3.607765346742091
46.613 3.607765346742091
51.386 3.418083970890091
51.509 3.418083970890091
56.868 2.9374391157068995
56.911 2.9374391157068995
62.52 3.190529006882989
62.613 3.190529006882989
63.63 3.3545347253744895
63.713 3.3545347253744895
65.916 3.61705476673428
66.012 3.61705476673428
67.984 4.290762492981471
68.007 4.290762492981471
69.788 4.285671278361926
69.91 4.285671278361926
71.717 3.7826972010178115
71.811 3.7826972010178115
76.134 4.488024628014366
76.211 4.488024628014366
80.109 4.095780155642023
80.207 4.095780155642023
84.319 3.669290446103772
84.41 3.669290446103772
89.633 4.113789830508474
89.713 4.113789830508474
93.548 4.319987857323552
93.61 4.319987857323552
97.563 3.5986530866763666
97.608 3.5986530866763666
102.419 3.994693761814745
102.508 3.994693761814745
106.74 4.491065342394146
107.001 4.491065342394146
110.827 4.561174082747853
110.909 4.561174082747853
114.752 4.606922185847393
114.809 4.606922185847393
118.78 4.653969246281825
118.808 4.653969246281825
122.775 4.338877814318239
122.908 4.338877814318239
126.861 4.252006644518273
126.909 4.252006644518273
130.521 4.741853712393045
130.609 4.741853712393045
134.232 4.728797783933518
134.308 4.728797783933518
137.918 4.649054968860006
138.009 4.649054968860006
141.702 3.917307942405945
142.001 3.917307942405945
146.307 3.523501612903226
146.411 3.523501612903226
151.371 4.370603501544799
151.409 4.370603501544799
155.293 4.311028654686741
155.41 4.311028654686741
159.528 4.22770455110669
159.612 4.22770455110669
163.633 3.746518240567021
163.71 3.746518240567021
168.507 3.5992475338380365
168.609 3.5992475338380365
172.968 3.3378695062923525
173.013 3.3378695062923525
178.178 3.338941484716157
178.216 3.338941484716157
