0.0 3.1277591397849465
0.013 3.1277591397849465
0.478 3.143030303030303
0.517 3.143030303030303
0.913 3.151707042253521
1.015 3.151707042253521
1.37 3.092861476238625
1.416 3.092861476238625
2.405 3.097354656632173
2.514 3.097354656632173
3.577 3.2855015095605498
3.618 3.2855015095605498
6.599 4.547470182046453
6.71 4.547470182046453
8.303 4.812192853091322
8.408 4.812192853091322
10.171 4.622927185830757
10.21 4.622927185830757
13.767 4.648702919903563
13.808 4.648702919903563
17.541 4.200042512077294
17.607 4.200042512077294
21.747 3.9594199623352164
21.81 3.9594199623352164
26.058 4.697237310656391
26.106 4.697237310656391
29.869 4.6638503715090955
29.908 4.6638503715090955
33.811 4.729714622641509
33.911 4.729714622641509
37.303 4.79929319955407
37.408 4.79929319955407
40.996 4.725880288957688
41.301 4.725880288957688
45.177 4.651636363636364
45.207 4.651636363636364
48.749 3.411908584597657
48.808 3.411908584597657
54.015 3.770505244755245
54.114 3.770505244755245
58.69 4.7867949545321204
58.809 4.7867949545321204
62.218 4.184511415525114
62.307 4.184511415525114
66.468 2.500639932460954
66.52 2.500639932460954
73.627 3.3488838828588983
73.713 3.3488838828588983
78.596 2.0579131866839195
78.714 2.0579131866839195
87.215 3.772764185320146
87.311 3.772764185320146
89.232 3.717217091066034
89.31 3.717217091066034
91.627 3.638617876424715
91.714 3.638617876424715
93.381 3.5979583911234396
93.414 3.5979583911234396
95.577 3.6548701709943003
95.611 3.6548701709943003
100.348 3.7179555751044644
100.414 3.7179555751044644
104.961 2.9128353958298017
105.015 2.9128353958298017
110.914 3.71920050922979
111.01 3.71920050922979
115.723 3.7883802029405675
115.815 3.7883802029405675
120.644 4.608661008487269
120.709 4.608661008487269
124.715 4.670910675381264
124.808 4.670910675381264
128.48 4.808468378209143
128.511 4.808468378209143
131.705 4.668406521739131
132.002 4.668406521739131
135.682 4.39067901234568
135.81 4.39067901234568
139.698 4.3312209889001005
139.81 4.3312209889001005
143.774 4.162864758144126
143.91 4.162864758144126
147.962 3.584201804757998
148.013 3.584201804757998
152.889 3.2809091611905683
153.015 3.2809091611905683
158.189 3.23130979250091
158.318 3.23130979250091
163.812 4.101230398069964
163.91 4.101230398069964
168.055 3.347997019374069
168.116 3.347997019374069
173.484 4.336406854615809
173.802 4.336406854615809
177.42 3.9048915062287657
177.508 3.9048915062287657
181.923 3.881307614213198
182.011 3.881307614213198
