0.0 6.7646883720930235
0.007 6.7646883720930235
0.222 6.801311475409836
0.307 6.801311475409836
0.49 6.6372098298676745
0.606 6.6372098298676745
1.664 6.624851818988465
1.704 6.624851818988465
2.831 6.6262789317507425
2.907 6.6262789317507425
5.603 5.0911176663389055
5.706 5.0911176663389055
8.757 5.205150784077201
8.812 5.205150784077201
12.128 5.1667727016356455
12.205 5.1667727016356455
15.751 5.037914215686275
15.807 5.037914215686275
19.071 4.060273280299485
19.112 4.060273280299485
23.386 4.230699756690997
23.506 4.230699756690997
27.616 4.068605708756652
27.709 4.068605708756652
31.843 2.9782146588037066
32.103 2.9782146588037066
38.038 4.877547695605574
38.113 4.877547695605574
41.845 4.9212245398773
41.904 4.9212245398773
45.164 4.428977366255144
45.21 4.428977366255144
49.098 4.72100824742268
49.208 4.72100824742268
53.088 4.356450555261767
53.214 4.356450555261767
56.996 3.645016003282725
57.111 3.645016003282725
61.985 5.217366797701845
62.108 5.217366797701845
65.415 4.5028101545253865
65.511 4.5028101545253865
69.135 3.9953538320330426
69.4 3.9953538320330426
73.758 5.017517786561265
73.813 5.017517786561265
77.355 4.8639500297442
77.41 4.8639500297442
80.772 3.6122899029527153
80.816 3.6122899029527153
85.659 5.450436245954693
85.707 5.450436245954693
88.797 4.842017180394138
88.91 4.842017180394138
92.868 3.854479354996335
92.912 3.854479354996335
97.005 4.485661150512215
97.112 4.485661150512215
100.919 4.56690055394355
101.007 4.56690055394355
104.798 4.150636876994844
105.102 4.150636876994844
109.175 4.369993896236012
109.213 4.369993896236012
113.145 4.139960321209259
113.209 4.139960321209259
117.443 4.338175954470002
117.511 4.338175954470002
121.728 5.494730952380952
121.806 5.494730952380952
125.166 5.420854614412137
125.21 5.420854614412137
128.374 4.652604665252954
128.405 4.652604665252954
131.706 4.504388044048244
131.809 4.504388044048244
135.623 4.588967741935484
135.712 4.588967741935484
139.432 4.236111522329139
139.702 4.236111522329139
143.755 3.9633289473684212
143.813 3.9633289473684212
148.069 4.854602222222222
148.113 4.854602222222222
151.713 5.136285627836612
151.807 5.136285627836612
155.112 3.952096170970614
155.212 3.952096170970614
159.704 5.1157387902497735
159.812 5.1157387902497735
163.135 4.228717176470588
163.21 4.228717176470588
167.46 4.6431251849659665
167.512 4.6431251849659665
170.891 4.691182585034014
171.012 4.691182585034014
174.687 4.7198617283950615
175.0 4.7198617283950615
