0.0 1.1710209339774558
0.041 1.1710209339774558
1.283 1.1831178707224335
1.345 1.1831178707224335
2.397 1.1789841938883034
2.542 1.1789841938883034
3.491 1.1797495256166983
3.637 1.1797495256166983
4.691 0.7829935790725328
4.846 0.7829935790725328
9.051 0.6738529878371232
9.162 0.6738529878371232
12.944 0.6402941443486155
13.075 0.6402941443486155
17.481 0.6298029893751126
17.573 0.6298029893751126
23.126 0.6202057613168724
23.28 0.6202057613168724
25.224 0.6223937360178972
25.381 0.6223937360178972
27.169 0.6210837438423645
27.305 0.6210837438423645
29.132 0.6619947005829359
29.444 0.6619947005829359
31.331 0.6614183607960625
31.645 0.6614183607960625
36.318 0.5909321543955111
36.487 0.5909321543955111
42.368 0.6211637871458189
42.482 0.6211637871458189
46.823 0.5558171125023715
46.995 0.5558171125023715
52.266 0.6061626187961986
52.395 0.6061626187961986
54.289 0.6416017039403621
54.48 0.6416017039403621
56.358 0.6370110736639384
56.472 0.6370110736639384
58.549 0.6366471522577717
58.682 0.6366471522577717
63.089 0.6387966942148761
63.282 0.6387966942148761
68.122 0.6177161614211237
68.442 0.6177161614211237
73.621 0.6887689075630252
73.776 0.6887689075630252
75.68 0.7155503573749188
75.765 0.7155503573749188
77.304 0.7106731234866828
77.475 0.7106731234866828
79.127 0.6046178343949045
79.276 0.6046178343949045
84.3 0.5123237079271658
84.499 0.5123237079271658
95.373 0.4685142255005269
95.501 0.4685142255005269
97.399 0.4686651411136537
97.605 0.4686651411136537
100.227 0.4686446540880503
100.4 0.4686446540880503
102.944 0.509453074433657
103.272 0.509453074433657
105.744 0.531195223088406
105.901 0.531195223088406
111.93 0.5140902188476998
112.086 0.5140902188476998
114.325 0.48590495806973666
114.49 0.48590495806973666
121.287 0.43596521739130434
121.422 0.43596521739130434
128.782 0.4638549673676577
128.918 0.4638549673676577
131.676 0.47108724832214766
131.805 0.47108724832214766
134.04 0.46620676691729324
134.219 0.46620676691729324
136.347 0.47708322824716265
136.501 0.47708322824716265
142.845 0.4159488953952622
143.167 0.4159488953952622
150.681 0.5173706293706293
150.799 0.5173706293706293
153.087 0.4684717800289436
153.205 0.4684717800289436
155.969 0.4437280366692132
156.105 0.4437280366692132
158.723 0.43873201782304266
158.915 0.43873201782304266
162.057 0.38079224850384724
162.221 0.38079224850384724
165.73 0.3660313698152667
165.949 0.3660313698152667
174.556 0.44900244897959185
174.75 0.44900244897959185
177.2 0.4673744449925999
177.428 0.4673744449925999
179.455 0.46657662337662337
179.764 0.46657662337662337
