0.0 1.6341662921348317
0.027 1.6341662921348317
0.917 1.6463492063492062
1.028 1.6463492063492062
1.784 1.6453764705882354
1.829 1.6453764705882354
2.509 1.6469615894039735
2.627 1.6469615894039735
3.382 1.607659677419355
3.434 1.607659677419355
8.394 1.606936810431294
8.526 1.606936810431294
12.514 1.4924021425628349
12.632 1.4924021425628349
17.486 0.9005303046385734
17.539 0.9005303046385734
26.96 1.3623502824858755
27.038 1.3623502824858755
27.923 1.4508996088657107
28.03 1.4508996088657107
28.797 1.5354803788903924
28.932 1.5354803788903924
29.671 1.527119804400978
29.917 1.527119804400978
30.735 1.2627701643489253
30.839 1.2627701643489253
34.794 1.158372729812797
34.94 1.158372729812797
42.098 0.9959163636363636
42.227 0.9959163636363636
48.827 1.0254595945570675
48.947 1.0254595945570675
56.149 1.1113959341723136
56.247 1.1113959341723136
57.28 1.1003908675799088
57.345 1.1003908675799088
58.44 1.10256
58.539 1.10256
59.739 1.09384171539961
59.861 1.09384171539961
62.426 1.0925003533568904
62.541 1.0925003533568904
65.371 1.08750231634679
65.451 1.08750231634679
69.984 0.7820852353059988
70.049 0.7820852353059988
79.951 1.1523150436645246
80.041 1.1523150436645246
86.11 1.5284697872340425
86.235 1.5284697872340425
90.935 1.5008241872023194
91.03 1.5008241872023194
95.859 1.7613071574642127
95.926 1.7613071574642127
100.816 1.7343700234192039
101.111 1.7343700234192039
102.392 1.7783502170767003
102.522 1.7783502170767003
103.213 1.8143057757644394
103.323 1.8143057757644394
105.089 1.5737199341021417
105.127 1.5737199341021417
106.948 1.043524275008146
107.055 1.043524275008146
110.124 1.5751937708565071
110.23 1.5751937708565071
114.725 1.0810013051422604
114.829 1.0810013051422604
122.491 1.1948250363901018
122.646 1.1948250363901018
129.516 1.287559420289855
129.634 1.287559420289855
135.499 1.3199855138071526
135.637 1.3199855138071526
140.055 1.44398
140.132 1.44398
145.332 1.2475746084089034
145.433 1.2475746084089034
147.859 1.2591059811122771
147.936 1.2591059811122771
148.889 1.3353275362318842
148.937 1.3353275362318842
151.007 1.5839546858908342
151.128 1.5839546858908342
153.07 1.3819610027855154
153.13 1.3819610027855154
155.284 1.2687704221833624
155.336 1.2687704221833624
159.339 1.510821583300512
159.434 1.510821583300512
164.512 1.2127990120407532
164.632 1.2127990120407532
171.11 1.545903698534543
171.238 1.545903698534543
175.537 1.481934777850733
175.626 1.481934777850733
180.195 0.9257584541062802
180.342 0.9257584541062802
