0.0 5.467699248120301
0.008 5.467699248120301
0.274 5.399187817258883
0.31 5.399187817258883
0.901 3.0501008206330598
1.034 3.0501008206330598
4.446 3.1317986577181207
4.516 3.1317986577181207
6.9 4.968219314641745
7.008 4.968219314641745
8.613 3.7432616822429905
8.714 3.7432616822429905
10.426 2.530254977296542
10.51 2.530254977296542
13.373 3.1810633670791155
13.423 3.1810633670791155
16.09 3.4880695296523516
16.21 3.4880695296523516
18.166 3.7803019648397105
18.212 3.7803019648397105
20.146 3.068321157578966
20.215 3.068321157578966
25.882 4.137666912669126
26.016 4.137666912669126
30.081 4.525269841269841
30.208 4.525269841269841
34.114 3.9332342264477096
34.209 3.9332342264477096
38.837 2.8689542203147353
38.919 2.8689542203147353
44.511 3.4343566015157556
44.614 3.4343566015157556
49.628 3.690070910556003
49.716 3.690070910556003
54.68 3.824534818941504
54.81 3.824534818941504
59.118 3.6805071472964572
59.402 3.6805071472964572
64.229 4.204150097465886
64.312 4.204150097465886
68.416 3.843189825718323
68.512 3.843189825718323
72.758 3.4162494802494803
72.816 3.4162494802494803
74.259 3.412764331210191
74.31 3.412764331210191
75.252 3.406429615197272
75.315 3.406429615197272
77.368 3.1591064204045733
77.411 3.1591064204045733
79.685 3.022301918265221
79.816 3.022301918265221
82.214 3.0188545390816683
82.315 3.0188545390816683
85.168 3.1460456431535273
85.217 3.1460456431535273
87.145 3.2633120580928723
87.213 3.2633120580928723
92.446 4.758966465090709
92.513 4.758966465090709
96.151 4.667461071231364
96.212 4.667461071231364
99.834 4.869032587135166
99.911 4.869032587135166
103.44 5.287659728506787
103.513 5.287659728506787
106.828 5.90894315245478
106.911 5.90894315245478
110.007 7.103615236629473
110.107 7.103615236629473
112.706 3.3009207082371055
112.81 3.3009207082371055
118.006 2.388158606748562
118.302 2.388158606748562
124.733 2.4268591608984322
124.823 2.4268591608984322
131.902 3.2191137092211957
132.02 3.2191137092211957
137.323 4.256063460585027
137.416 4.256063460585027
141.45 5.111493333333333
141.513 5.111493333333333
144.813 5.099669681937555
144.908 5.099669681937555
148.335 4.852894225271584
148.41 4.852894225271584
151.908 5.117560103776304
152.014 5.117560103776304
155.483 5.002825191288994
155.61 5.002825191288994
159.008 5.118783252634578
159.299 5.118783252634578
162.81 6.157425431711146
162.911 6.157425431711146
165.459 4.908911161731208
165.511 4.908911161731208
169.023 4.282772218073189
169.115 4.282772218073189
