0.0 1.403868725868726
0.031 1.403868725868726
1.067 1.4127582292849035
1.127 1.4127582292849035
2.008 1.4126969696969698
2.129 1.4126969696969698
2.921 1.262391878172589
3.033 1.262391878172589
4.018 1.3287967479674796
4.141 1.3287967479674796
5.125 1.5284599092284419
5.232 1.5284599092284419
5.893 2.0652532942898976
6.035 2.0652532942898976
7.401 2.6537053487644666
7.516 2.6537053487644666
10.713 2.5784822373393803
10.812 2.5784822373393803
13.458 2.5421084840055634
13.517 2.5421084840055634
16.393 1.1367632295131538
16.564 1.1367632295131538
23.178 2.065116488463703
23.219 2.065116488463703
26.773 2.0690543567331328
26.818 2.0690543567331328
30.479 2.254999184117487
30.518 2.254999184117487
34.195 2.8665713039686
34.311 2.8665713039686
36.604 2.3800708991298745
36.905 2.3800708991298745
40.008 1.4602703927492449
40.121 1.4602703927492449
45.417 0.7566971379752242
45.558 0.7566971379752242
54.922 1.326895717884131
55.039 1.326895717884131
60.994 2.320263736263736
61.117 2.320263736263736
64.302 2.893643813387424
64.415 2.893643813387424
66.88 3.2518502127659574
66.912 3.2518502127659574
69.262 3.30666438941076
69.311 3.30666438941076
71.653 2.62515015015015
71.713 2.62515015015015
74.377 3.253536231884058
74.601 3.253536231884058
76.809 3.247078853046595
76.908 3.247078853046595
79.14 2.5080931857891673
79.212 2.5080931857891673
82.646 2.1425559872836453
82.716 2.1425559872836453
85.547 2.355761070492482
85.623 2.355761070492482
92.872 2.6929724685020995
92.916 2.6929724685020995
99.345 2.884905119453925
99.41 2.884905119453925
105.27 3.1010315827467965
105.315 3.1010315827467965
110.856 2.214044713906783
110.909 2.214044713906783
118.826 1.8179613696224757
119.107 1.8179613696224757
123.663 1.4924450909090907
123.732 1.4924450909090907
129.232 1.5808113879003558
129.326 1.5808113879003558
134.103 1.8854497251859037
134.216 1.8854497251859037
137.309 1.2155894447142626
137.427 1.2155894447142626
143.604 0.9662794098099162
143.743 0.9662794098099162
151.266 1.7839269406392693
151.337 1.7839269406392693
153.089 2.7125888125613344
153.213 2.7125888125613344
154.232 2.56915873015873
154.312 2.56915873015873
154.816 2.4618194444444446
155.107 2.4618194444444446
157.987 2.4153056416615004
158.119 2.4153056416615004
161.345 2.1623314543404737
161.417 2.1623314543404737
164.965 1.8917678786419456
165.018 1.8917678786419456
169.171 2.2658847596317764
169.217 2.2658847596317764
172.15 2.267568653717348
172.217 2.267568653717348
175.203 2.2619452313503308
175.317 2.2619452313503308
