0.0 1.610640088593577
0.026 1.610640088593577
0.929 1.620625
1.027 1.620625
1.795 1.6168439306358382
1.93 1.6168439306358382
2.622 1.6366185125735688
2.735 1.6366185125735688
4.604 2.3875910079767944
4.72 2.3875910079767944
6.099 2.882932126696833
6.212 2.882932126696833
7.096 2.54179649122807
7.216 2.54179649122807
10.066 4.244070035017509
10.109 4.244070035017509
12.108 4.315410499683744
12.207 4.315410499683744
13.788 4.839266034578918
13.911 4.839266034578918
17.497 6.916537788385043
17.606 6.916537788385043
20.12 5.876874912648497
20.207 5.876874912648497
23.069 4.681065677966101
23.106 4.681065677966101
26.882 4.501238377843719
27.008 4.501238377843719
31.052 5.110924498247849
31.108 5.110924498247849
34.247 4.871248656294202
34.308 4.871248656294202
37.843 6.021535831689678
37.907 6.021535831689678
40.949 4.941840431913617
41.2 4.941840431913617
44.534 4.871348505621058
44.608 4.871348505621058
48.255 4.84658202247191
48.308 4.84658202247191
51.868 4.657015981735159
51.908 4.657015981735159
55.412 5.653166233766234
55.507 5.653166233766234
58.587 5.007621301775148
58.705 5.007621301775148
62.254 4.293147807823576
62.308 4.293147807823576
66.117 4.663908291122367
66.209 4.663908291122367
69.96 4.26052314697698
70.007 4.26052314697698
73.96 3.8375458550260313
74.203 3.8375458550260313
79.197 3.793311853811012
79.313 3.793311853811012
83.472 3.8635547511312214
83.511 3.8635547511312214
87.931 3.6136756418284284
88.013 3.6136756418284284
92.804 2.965884912280702
92.914 2.965884912280702
98.614 3.289836492437297
98.717 3.289836492437297
103.94 3.7671592520954222
104.012 3.7671592520954222
108.665 4.387071462829736
108.713 4.387071462829736
112.883 4.445532386226824
113.011 4.445532386226824
117.164 3.5466468155500417
117.403 3.5466468155500417
122.239 3.7893530717986676
122.316 3.7893530717986676
126.369 3.9035982731197456
126.412 3.9035982731197456
130.813 3.1974077542610977
130.915 3.1974077542610977
136.254 2.4875340481019994
136.319 2.4875340481019994
143.221 3.5752284866468846
143.314 3.5752284866468846
148.032 4.851906718489728
148.112 4.851906718489728
151.714 6.814702529104777
151.805 6.814702529104777
154.296 5.841663705166173
154.407 5.841663705166173
157.446 4.675357535753576
157.7 4.675357535753576
161.336 4.479573280159522
161.411 4.479573280159522
165.423 5.145660872417186
165.507 5.145660872417186
168.556 4.89914634839443
168.608 4.89914634839443
172.127 5.757662650602409
172.21 5.757662650602409
