0.0 1.4025149469623917
0.033 1.4025149469623917
1.07 1.4143636363636363
1.13 1.4143636363636363
2.01 1.4109155107187894
2.131 1.4109155107187894
2.924 1.416236902050114
3.037 1.416236902050114
3.915 1.4044425349087002
4.036 1.4044425349087002
4.967 1.3844165046446317
5.045 1.3844165046446317
9.674 1.3137685890460646
9.733 1.3137685890460646
15.247 0.9687024434802466
15.356 0.9687024434802466
24.114 1.1808814887365329
24.247 1.1808814887365329
25.268 1.188931623931624
25.342 1.188931623931624
26.278 1.1857053291536048
26.342 1.1857053291536048
27.299 1.176256120527307
27.623 1.176256120527307
28.685 2.314298424467099
28.747 2.314298424467099
30.905 2.7284080289568937
31.207 2.7284080289568937
34.246 2.7342129783693845
34.319 2.7342129783693845
36.723 2.7302624768946395
36.813 2.7302624768946395
39.518 2.727898412698413
39.612 2.727898412698413
42.447 2.617551533062431
42.515 2.617551533062431
45.222 1.0473887513264946
45.404 1.0473887513264946
62.366 1.6727116342236306
62.425 1.6727116342236306
66.843 1.161509851815665
66.926 1.161509851815665
73.067 1.582818558409279
73.121 1.582818558409279
77.949 1.169643256305694
78.22 1.169643256305694
84.841 0.7262740955901769
84.989 0.7262740955901769
88.776 0.8685441930618402
88.875 0.8685441930618402
92.19 1.068448821667253
92.356 1.068448821667253
95.199 1.462536711034779
95.329 1.462536711034779
97.658 0.9094261154318461
97.731 0.9094261154318461
100.174 0.7303164614683083
100.274 0.7303164614683083
104.66 0.982878812860676
104.746 0.982878812860676
105.959 0.9800529182879377
106.046 0.9800529182879377
107.331 1.0438309859154928
107.448 1.0438309859154928
108.655 1.3626820631254812
108.743 1.3626820631254812
113.939 1.9397264637002343
114.029 1.9397264637002343
118.299 1.2220407920202472
118.437 1.2220407920202472
125.154 1.1045101652771685
125.249 1.1045101652771685
132.086 1.2953567303420703
132.145 1.2953567303420703
136.647 1.3480603231597845
136.731 1.3480603231597845
142.301 1.3025120946067013
142.439 1.3025120946067013
148.02 1.6821528525296017
148.126 1.6821528525296017
149.984 1.682366402921485
150.026 1.682366402921485
151.669 1.8733495736906212
151.725 1.8733495736906212
153.367 1.9964748490945674
153.422 1.9964748490945674
154.913 1.6770934136891948
155.021 1.6770934136891948
159.667 1.6264473182107273
159.726 1.6264473182107273
164.443 1.790453965360073
164.525 1.790453965360073
168.913 1.8934017094017095
169.024 1.8934017094017095
172.534 1.4570604691198623
172.631 1.4570604691198623
177.278 1.458830694275274
177.334 1.458830694275274
