0.0 2.1419852724594994
0.02 2.1419852724594994
0.699 2.1721465968586386
0.828 2.1721465968586386
1.401 2.172535922330097
1.523 2.172535922330097
2.038 1.949910681640115
2.124 1.949910681640115
5.953 1.6079838677152651
6.03 1.6079838677152651
10.989 1.6868818110028956
11.126 1.6868818110028956
14.925 1.7347030651340998
15.024 1.7347030651340998
19.2 1.749256907216495
19.327 1.749256907216495
24.177 1.7813808674985145
24.229 1.7813808674985145
25.912 1.8007119741100324
26.028 1.8007119741100324
26.646 1.7813500784929357
26.722 1.7813500784929357
27.359 1.7397058507783145
27.428 1.7397058507783145
29.291 1.7129823609226593
29.428 1.7129823609226593
33.85 1.685291056910569
33.928 1.685291056910569
38.848 1.780831211053915
38.928 1.780831211053915
42.619 1.5373355537052458
42.733 1.5373355537052458
47.537 1.6260706476030278
47.626 1.6260706476030278
52.382 1.425983497685651
52.427 1.425983497685651
57.396 1.7263849683198602
57.529 1.7263849683198602
62.106 1.6331580110497237
62.227 1.6331580110497237
66.752 1.6684987134502924
67.012 1.6684987134502924
71.287 1.5903950052029137
71.428 1.5903950052029137
76.233 1.3112441584828987
76.329 1.3112441584828987
82.235 0.6225209186398434
82.413 0.6225209186398434
93.647 1.6558984485190409
93.726 1.6558984485190409
94.435 1.6732391304347825
94.53 1.6732391304347825
95.266 1.6707324913892079
95.331 1.6707324913892079
96.202 1.6604843049327354
96.324 1.6604843049327354
97.662 1.392681739130435
97.735 1.392681739130435
100.035 1.469754128440367
100.134 1.469754128440367
102.314 1.8330094438614901
102.423 1.8330094438614901
106.235 1.6466732801380204
106.328 1.6466732801380204
110.965 1.6132367281840967
111.029 1.6132367281840967
115.418 1.6542105052925904
115.528 1.6542105052925904
120.535 1.7072479201331114
120.63 1.7072479201331114
125.438 1.7480407407407408
125.526 1.7480407407407408
129.846 1.8049198390591148
129.926 1.8049198390591148
133.157 1.6612159292035398
133.228 1.6612159292035398
137.748 1.5255655823714585
138.017 1.5255655823714585
142.782 1.5789217391304349
142.832 1.5789217391304349
147.547 1.7290030211480363
147.637 1.7290030211480363
151.609 1.6276379515680826
151.727 1.6276379515680826
156.765 1.5237567160971417
156.828 1.5237567160971417
161.481 1.5404855674179518
161.533 1.5404855674179518
166.591 1.6288645435244162
166.731 1.6288645435244162
171.441 1.6691123858083705
171.529 1.6691123858083705
176.236 1.5553100865902176
176.329 1.5553100865902176
180.602 1.6734948096885813
180.913 1.6734948096885813
184.959 1.7006744763933261
185.028 1.7006744763933261
