0.0 3.8476402116402113
0.011 3.8476402116402113
0.389 3.865341614906832
0.511 3.865341614906832
0.833 3.808
0.914 3.808
1.651 3.801113846153846
1.713 3.801113846153846
3.013 3.9810244633050424
3.113 3.9810244633050424
5.116 5.1185814696485625
5.206 5.1185814696485625
6.458 4.202649135622108
6.508 4.202649135622108
10.615 3.395991844300278
10.715 3.395991844300278
16.11 4.638576022566996
16.207 4.638576022566996
19.752 4.707978296256104
19.811 4.707978296256104
23.497 3.0543080976637977
23.608 3.0543080976637977
29.301 3.2457769201080664
29.422 3.2457769201080664
34.604 3.599939714867617
34.714 3.599939714867617
39.624 4.174044485209814
39.708 4.174044485209814
44.069 3.419994031123428
44.302 3.419994031123428
48.993 3.119540579710145
49.114 3.119540579710145
54.634 3.1272106752931665
54.716 3.1272106752931665
57.189 3.106405962297238
57.312 3.106405962297238
59.593 3.08779366940211
59.717 3.08779366940211
62.276 3.0856116910229643
62.315 3.0856116910229643
64.71 3.0838011240812797
64.814 3.0838011240812797
67.127 3.637243217515469
67.214 3.637243217515469
69.315 4.075898947368421
69.411 4.075898947368421
71.311 4.077784256559767
71.409 4.077784256559767
73.124 4.163331746787244
73.213 4.163331746787244
77.415 4.320638276038994
77.509 4.320638276038994
81.407 4.381505258344764
81.508 4.381505258344764
85.882 4.381111913357401
86.01 4.381111913357401
89.611 4.356355102040816
89.709 4.356355102040816
93.629 4.356597886260694
93.709 4.356597886260694
97.683 3.6719252823631625
97.813 3.6719252823631625
102.417 3.660591393268002
102.514 3.660591393268002
107.208 4.728511464796331
107.504 4.728511464796331
111.211 4.921734732311004
111.31 4.921734732311004
115.027 4.39055790725327
115.112 4.39055790725327
119.317 4.132911807228916
119.409 4.132911807228916
123.559 4.019431562418215
123.616 4.019431562418215
127.437 3.9520901771336554
127.514 3.9520901771336554
131.861 3.755986798679868
131.91 3.755986798679868
136.455 3.7984424778761063
136.513 3.7984424778761063
141.033 4.30963924374042
141.109 4.30963924374042
145.023 4.305633899975364
145.301 4.305633899975364
149.36 4.117250545719137
149.414 4.117250545719137
153.537 4.101852125693161
153.616 4.101852125693161
157.944 3.5932361023039525
158.014 3.5932361023039525
162.745 3.5053731226838307
162.812 3.5053731226838307
167.939 5.022125480153649
168.015 5.022125480153649
171.139 6.835882632831086
171.21 6.835882632831086
173.732 6.12674358974359
173.81 6.12674358974359
