0.0 3.8273894736842102
0.011 3.8273894736842102
0.391 3.751949069539667
0.516 3.751949069539667
2.558 5.174773765659543
2.614 5.174773765659543
3.971 5.481797356828194
4.006 5.481797356828194
5.368 5.185020472440945
5.409 5.185020472440945
6.044 5.168116129032258
6.113 5.168116129032258
7.353 5.144971590909091
7.407 5.144971590909091
8.815 4.672628411119613
8.927 4.672628411119613
12.848 4.252327902767004
12.909 4.252327902767004
16.776 4.34709619238477
16.81 4.34709619238477
20.802 5.80573489148581
20.906 5.80573489148581
23.901 6.050221582733813
24.01 6.050221582733813
26.79 6.221648715241112
26.909 6.221648715241112
29.75 6.464136363636364
29.814 6.464136363636364
32.63 5.19029181494662
32.71 5.19029181494662
35.801 5.703830407419676
36.101 5.703830407419676
39.12 6.001806028833552
39.207 6.001806028833552
42.259 6.243310344827586
42.307 6.243310344827586
44.946 4.653171293871137
45.006 4.653171293871137
48.824 3.8113169869670864
48.91 3.8113169869670864
53.437 3.616618794326241
53.513 3.616618794326241
58.025 3.5232197490894372
58.113 3.5232197490894372
63.055 3.4059118436182443
63.113 3.4059118436182443
68.331 2.8608467459762075
68.413 2.8608467459762075
74.129 3.0451383812010446
74.405 3.0451383812010446
80.15 2.481852048334807
80.22 2.481852048334807
87.006 2.7226458303736325
87.125 2.7226458303736325
94.164 3.1007044025157233
94.223 3.1007044025157233
99.311 3.184208838336752
99.414 3.184208838336752
104.777 3.194892046503045
104.817 3.194892046503045
110.236 4.219463768115942
110.317 4.219463768115942
111.973 4.5047929203539825
112.009 4.5047929203539825
113.704 4.501268912905277
113.809 4.501268912905277
115.382 4.538428493150684
115.41 4.538428493150684
117.235 4.525054024255788
117.311 4.525054024255788
119.125 4.788545339251744
119.211 4.788545339251744
120.788 4.908356663470758
120.908 4.908356663470758
124.037 5.087277465205804
124.111 5.087277465205804
127.488 3.7960773849232825
127.61 3.7960773849232825
132.107 3.4160286510147233
132.212 3.4160286510147233
137.238 3.2746899631139588
137.314 3.2746899631139588
142.465 3.4689495831679236
142.515 3.4689495831679236
147.553 3.919516047102286
147.611 3.919516047102286
151.942 3.6193304791029566
152.013 3.6193304791029566
156.918 4.57224314147391
157.203 4.57224314147391
160.921 4.109775440201235
161.013 4.109775440201235
165.386 4.5941786237188875
165.514 4.5941786237188875
168.929 5.134036926742108
169.016 5.134036926742108
172.374 4.160052230685527
172.512 4.160052230685527
