0.0 3.239216035634744
0.014 3.239216035634744
0.463 3.224455958549223
0.512 3.224455958549223
0.898 3.243060869565217
1.014 3.243060869565217
1.359 3.1862916666666665
1.419 3.1862916666666665
2.379 3.1934898157129
2.413 3.1934898157129
3.444 3.414205647309536
3.518 3.414205647309536
5.395 3.991250688705234
5.512 3.991250688705234
7.327 3.4438676691729326
7.417 3.4438676691729326
12.737 3.480895850973751
12.811 3.480895850973751
17.535 3.4100231872666535
17.614 3.4100231872666535
22.703 3.6075053941908712
22.815 3.6075053941908712
27.635 3.6998715354157503
27.711 3.6998715354157503
32.257 3.880505817782656
32.31 3.880505817782656
36.865 2.938813044882144
36.911 2.938813044882144
43.105 1.1479922719141322
43.224 1.1479922719141322
57.199 1.1110018960940462
57.346 1.1110018960940462
59.983 1.1715020408163266
60.045 1.1715020408163266
61.025 1.0825947888589398
61.14 1.0825947888589398
62.253 0.8756267372600927
62.349 0.8756267372600927
63.86 0.8716073314694004
63.96 0.8716073314694004
67.179 1.1069731471535984
67.247 1.1069731471535984
70.04 1.4404106258442144
70.132 1.4404106258442144
72.353 0.9377825139258901
72.427 0.9377825139258901
80.685 0.8567193433786598
80.87 0.8567193433786598
89.033 1.8936
89.306 1.8936
89.926 1.1830009606147935
90.034 1.1830009606147935
91.075 0.7214714923153198
91.176 0.7214714923153198
93.193 0.6904064636420137
93.361 0.6904064636420137
96.579 0.5313815527538155
96.693 0.5313815527538155
102.721 0.6145525773195876
102.9 0.6145525773195876
104.84 0.6562271582321959
104.968 0.6562271582321959
109.335 0.6687388535031847
109.481 0.6687388535031847
111.365 0.6723411214953271
111.473 0.6723411214953271
113.185 0.6715726759116589
113.437 0.6715726759116589
115.384 0.8347008338417735
115.474 0.8347008338417735
125.308 0.7051141684769491
125.613 0.7051141684769491
129.756 0.5931342554922701
129.876 0.5931342554922701
139.708 0.7584770642201835
139.87 0.7584770642201835
141.178 0.7459806076276665
141.259 0.7459806076276665
142.806 0.7485514660012476
142.967 0.7485514660012476
144.57 0.43392375366568914
144.666 0.43392375366568914
147.394 0.47323692307692306
147.619 0.47323692307692306
154.119 0.6434811932555122
154.282 0.6434811932555122
158.908 0.4630487067517635
159.117 0.4630487067517635
162.094 0.46508875739644967
162.302 0.46508875739644967
165.175 0.5055317804974339
165.305 0.5055317804974339
167.838 0.5561456016177957
167.992 0.5561456016177957
169.97 0.552401166180758
170.101 0.552401166180758
171.816 0.49917893710385175
171.991 0.49917893710385175
