0.0 2.754560606060606
0.016 2.754560606060606
0.544 2.7782142857142857
0.618 2.7782142857142857
1.066 2.7694455445544555
1.114 2.7694455445544555
1.518 2.718968888888889
1.622 2.718968888888889
2.747 2.7585147679324895
2.813 2.7585147679324895
3.287 2.7256812834224595
3.318 2.7256812834224595
4.253 2.707070254110613
4.318 2.707070254110613
6.994 2.7797824377457405
7.111 2.7797824377457405
10.163 2.7984601769911506
10.215 2.7984601769911506
16.091 3.552427430910952
16.215 3.552427430910952
21.1 3.576342245989305
21.214 3.576342245989305
26.076 4.744602538787024
26.111 4.744602538787024
29.656 5.160789489051095
29.707 5.160789489051095
33.132 5.1189561304836895
33.207 5.1189561304836895
36.763 4.956191535372258
36.809 4.956191535372258
40.046 4.956782959124928
40.109 4.956782959124928
43.583 4.754090838307812
43.902 4.754090838307812
47.755 4.595842677824267
47.81 4.595842677824267
51.395 4.595397827211588
51.509 4.595397827211588
55.375 4.412744757033248
55.41 4.412744757033248
59.32 4.367822269807281
59.408 4.367822269807281
63.144 4.369322961104141
63.211 4.369322961104141
67.196 3.2573401759530793
67.309 3.2573401759530793
72.765 3.194491111545224
72.815 3.194491111545224
77.934 3.2017423133235723
78.016 3.2017423133235723
83.48 3.2183925090770114
83.704 3.2183925090770114
88.937 3.6469465271170316
89.014 3.6469465271170316
94.269 5.186188034188034
94.309 5.186188034188034
97.351 5.074862407132244
97.407 5.074862407132244
100.772 4.970749354005168
100.808 4.970749354005168
104.291 4.543279763504435
104.407 4.543279763504435
108.128 4.773004444444445
108.209 4.773004444444445
111.809 4.778787350054525
111.908 4.778787350054525
115.576 4.855118895966029
115.61 4.855118895966029
119.378 5.016928260869565
119.604 5.016928260869565
123.284 5.015083040935672
123.408 5.015083040935672
126.828 2.2025309049189734
126.909 2.2025309049189734
133.882 1.6022883790337623
133.93 1.6022883790337623
144.652 4.669626204238921
144.712 4.669626204238921
145.75 4.664546365914787
145.808 4.664546365914787
147.404 4.656
147.507 4.656
148.982 4.3873943285179235
149.008 4.3873943285179235
150.877 4.240675493379965
150.909 4.240675493379965
154.912 4.73661045891142
155.201 4.73661045891142
158.949 5.042895283298725
159.009 5.042895283298725
162.38 5.051165823496346
162.408 5.051165823496346
165.966 4.907450735064122
166.008 4.907450735064122
169.205 4.609651336898396
169.31 4.609651336898396
173.05 4.615397987927566
173.11 4.615397987927566
