0.0 3.8073507853403146
0.01 3.8073507853403146
0.392 3.8296615384615382
0.514 3.8296615384615382
0.839 3.7671087248322146
0.915 3.7671087248322146
1.66 3.7462157551430004
1.716 3.7462157551430004
3.709 3.0090535849056605
3.814 3.0090535849056605
6.464 1.9343386658617567
6.522 1.9343386658617567
9.835 2.380584949063424
9.919 2.380584949063424
12.962 3.0627783393501806
13.016 3.0627783393501806
15.786 3.288030843373494
15.913 3.288030843373494
17.988 3.096613299449386
18.114 3.096613299449386
20.475 3.0304522370012092
20.516 3.0304522370012092
22.997 3.027815181518152
23.303 3.027815181518152
25.727 2.3264152334152337
25.821 2.3264152334152337
29.077 2.211101866666667
29.124 2.211101866666667
32.874 3.3777225077081194
32.919 3.3777225077081194
34.865 3.7451115618661257
34.912 3.7451115618661257
36.884 3.785392023145278
36.915 3.785392023145278
41.754 3.2742639109697933
41.812 3.2742639109697933
46.844 3.2663739658025372
46.92 3.2663739658025372
52.359 3.756549531896364
52.415 3.756549531896364
57.008 3.8073224451703216
57.113 3.8073224451703216
61.399 3.8141844468784227
61.513 3.8141844468784227
66.078 3.760484130342785
66.114 3.760484130342785
70.84 3.733470319634703
70.914 3.733470319634703
75.294 3.520692292211713
75.604 3.520692292211713
80.573 3.422444218654745
80.616 3.422444218654745
85.537 3.3586933052926744
85.616 3.3586933052926744
91.322 3.340331145458395
91.418 3.340331145458395
96.141 3.1859910447761193
96.215 3.1859910447761193
101.575 3.8218807947019866
101.615 3.8218807947019866
106.145 3.7041069237510955
106.214 3.7041069237510955
110.778 3.0585290138839447
110.913 3.0585290138839447
116.531 2.4331601374570444
116.623 2.4331601374570444
119.533 2.4317768643570172
119.619 2.4317768643570172
123.025 2.4278166223010946
123.117 2.4278166223010946
126.498 2.467822222222222
126.628 2.467822222222222
129.688 2.5521645514223197
129.818 2.5521645514223197
132.103 2.553109826589595
132.215 2.553109826589595
135.156 2.6588588149231898
135.216 2.6588588149231898
137.95 3.9327078711040677
138.013 3.9327078711040677
139.906 3.9355873925501434
140.203 3.9355873925501434
141.948 3.033681095079541
142.013 3.033681095079541
144.716 4.371171393341554
144.812 4.371171393341554
146.434 4.361871253071253
146.512 4.361871253071253
150.582 3.8521640607296623
150.712 3.8521640607296623
155.125 3.427817661644097
155.215 3.427817661644097
160.458 3.565709090909091
160.517 3.565709090909091
164.917 4.264184021766016
165.011 4.264184021766016
169.054 4.611686369119421
169.11 4.611686369119421
