0.0 4.502811145510836
0.01 4.502811145510836
0.333 4.559120879120879
0.414 4.559120879120879
0.687 4.5481951219512196
0.709 4.5481951219512196
0.955 4.452459970887919
1.011 4.452459970887919
1.698 4.4488858603066435
1.812 4.4488858603066435
2.986 4.4472338653712695
3.112 4.4472338653712695
4.553 4.571048728813559
4.611 4.571048728813559
8.387 4.881794830802025
8.51 4.881794830802025
12.263 6.70079543602282
12.308 6.70079543602282
14.762 6.784053166536357
14.807 6.784053166536357
17.365 4.993732337736933
17.405 4.993732337736933
20.887 4.55199350473613
21.009 4.55199350473613
24.704 4.557943269726663
24.809 4.557943269726663
28.687 4.7776923884514435
28.81 4.7776923884514435
32.62 6.368873362445416
32.901 6.368873362445416
35.42 3.252713260294673
35.508 3.252713260294673
40.802 5.013002736726875
40.914 5.013002736726875
44.568 4.302976234003656
44.609 4.302976234003656
48.438 4.241061828598711
48.51 4.241061828598711
52.699 3.2952314744079447
52.831 3.2952314744079447
58.067 4.004462331288344
58.117 4.004462331288344
62.192 1.9683192403346146
62.321 1.9683192403346146
71.167 2.862304396843292
71.222 2.862304396843292
77.431 4.105598794878232
77.704 4.105598794878232
81.687 3.472473203652243
81.814 3.472473203652243
86.852 3.7418013774716727
86.92 3.7418013774716727
91.421 5.5971682242990655
91.508 5.5971682242990655
94.932 3.944096
95.01 3.944096
99.01 3.5800654088050314
99.115 3.5800654088050314
103.885 4.282245857036854
104.016 4.282245857036854
108.059 5.709403579871665
108.112 5.709403579871665
111.073 4.822569744597249
111.11 4.822569744597249
114.673 4.081162281722934
114.904 4.081162281722934
119.199 4.866743282787976
119.313 4.866743282787976
123.072 6.294679849982953
123.109 6.294679849982953
126.042 6.8606336
126.111 6.8606336
128.611 7.904399382398353
128.708 7.904399382398353
130.651 7.2396696165191745
130.706 7.2396696165191745
133.079 3.1583644773358
133.116 3.1583644773358
138.521 3.1583811626195732
138.62 3.1583811626195732
144.056 4.284462280924562
144.12 4.284462280924562
148.057 4.500790110739119
148.303 4.500790110739119
152.186 5.210381829343155
152.312 5.210381829343155
155.57 5.312033512866547
155.609 5.312033512866547
158.951 4.894788367405702
159.009 4.894788367405702
162.482 4.778529114597181
162.511 4.778529114597181
166.272 4.1222070415134
166.31 4.1222070415134
170.116 3.720348726801899
170.214 3.720348726801899
174.848 3.687866237942122
174.914 3.687866237942122
