0.0 3.3357981651376147
0.012 3.3357981651376147
0.448 3.373008130081301
0.513 3.373008130081301
0.882 3.370048192771084
0.915 3.370048192771084
1.247 3.296163793103448
1.32 3.296163793103448
2.248 3.299086172344689
2.312 3.299086172344689
3.31 3.2914555726759116
3.418 3.2914555726759116
5.365 3.389854936827328
5.414 3.389854936827328
7.551 3.4473368549370176
7.61 3.4473368549370176
10.071 3.3661723643807573
10.118 3.3661723643807573
15.003 3.538663947797716
15.116 3.538663947797716
20.02 3.697251966829683
20.111 3.697251966829683
24.814 3.3378876761262153
24.913 3.3378876761262153
29.952 2.922570105820106
30.011 2.922570105820106
36.059 2.922300208701236
36.117 2.922300208701236
42.346 2.9278610244988865
42.418 2.9278610244988865
44.663 3.4175659416936606
44.71 3.4175659416936606
46.871 3.429530820399113
46.908 3.429530820399113
49.163 2.9495338345864663
49.212 2.9495338345864663
54.798 2.9496609662958657
54.916 2.9496609662958657
60.939 3.1142182890855454
61.013 3.1142182890855454
63.386 3.113414229594064
63.411 3.113414229594064
65.702 3.1203952633728056
65.811 3.1203952633728056
68.26 3.112623794212219
68.505 3.112623794212219
70.993 3.1192685102586974
71.113 3.1192685102586974
73.355 3.597299949924887
73.411 3.597299949924887
75.408 3.7137481808158763
75.704 3.7137481808158763
80.239 3.625558834657586
80.312 3.625558834657586
85.598 3.5953473108477665
85.713 3.5953473108477665
90.101 3.4188012012012012
90.21 3.4188012012012012
95.205 3.6395038890056757
95.312 3.6395038890056757
100.069 3.487836599958737
100.114 3.487836599958737
104.961 3.43313006993007
105.014 3.43313006993007
110.019 3.5490164000809883
110.113 3.5490164000809883
115.052 3.5508711180124224
115.114 3.5508711180124224
120.266 3.642915548539858
120.503 3.642915548539858
125.571 3.6345802076711164
125.615 3.6345802076711164
130.334 3.5716855813953488
130.412 3.5716855813953488
134.712 3.263007787274454
134.814 3.263007787274454
140.079 3.0847415973979038
140.113 3.0847415973979038
145.647 3.6818081107814047
145.712 3.6818081107814047
147.734 3.6633537964458807
147.817 3.6633537964458807
149.055 3.6059982409850484
149.114 3.6059982409850484
151.388 3.61
151.508 3.61
153.472 3.6123208159480757
153.51 3.6123208159480757
155.667 3.669034911525586
155.717 3.669034911525586
157.808 3.5485600722673896
157.914 3.5485600722673896
160.128 3.4794973821989528
160.208 3.4794973821989528
162.118 3.4390775982445643
162.213 3.4390775982445643
167.226 3.1039956698240867
167.313 3.1039956698240867
