0.0 0.7326992443324937
0.064 0.7326992443324937
2.049 1.2347619047619047
2.165 1.2347619047619047
3.173 1.9767773851590107
3.216 1.9767773851590107
3.782 3.124261306532663
3.813 3.124261306532663
4.211 3.059933085501859
4.316 3.059933085501859
5.392 4.933382602001539
5.517 4.933382602001539
6.816 3.2181785872945357
6.906 3.2181785872945357
9.157 2.146191753098912
9.216 2.146191753098912
13.169 2.6322006172839507
13.217 2.6322006172839507
15.809 2.905844197138315
15.912 2.905844197138315
18.428 3.156403022670025
18.516 3.156403022670025
20.898 3.5544412510566357
21.014 3.5544412510566357
25.746 2.978716548702393
25.809 2.978716548702393
31.743 3.0082644191042807
31.814 3.0082644191042807
37.865 3.1322124170245997
37.915 3.1322124170245997
43.037 2.946084516680924
43.115 2.946084516680924
48.96 3.3487224862888483
49.013 3.3487224862888483
54.483 3.401341040462428
54.611 3.401341040462428
59.455 3.5020319337670016
59.511 3.5020319337670016
64.584 3.5560247320692495
64.901 3.5560247320692495
69.753 3.524445788336933
69.813 3.524445788336933
74.443 3.2839914052428023
74.515 3.2839914052428023
76.842 3.285620704285108
76.913 3.285620704285108
79.27 3.297218293257897
79.312 3.297218293257897
81.433 2.879281763527054
81.512 2.879281763527054
84.007 2.451786197564276
84.118 2.451786197564276
87.074 2.6146909532483305
87.121 2.6146909532483305
90.415 3.3127121791370837
90.513 3.3127121791370837
92.344 3.307430514237144
92.412 3.307430514237144
94.765 3.489713008493518
95.002 3.489713008493518
97.239 3.5500932381352373
97.315 3.5500932381352373
102.077 3.005565156550638
102.213 3.005565156550638
107.93 2.9714514324461776
108.018 2.9714514324461776
113.917 3.2424828075150653
114.012 3.2424828075150653
119.654 2.9879100178022338
119.712 2.9879100178022338
125.891 3.419374800637959
126.011 3.419374800637959
131.027 3.176473216132368
131.113 3.176473216132368
135.948 3.097680490443563
136.016 3.097680490443563
141.562 2.463697503247222
141.805 2.463697503247222
148.734 2.732586046511628
148.819 2.732586046511628
150.539 3.1162660653889516
150.616 3.1162660653889516
151.503 3.110252780586451
151.616 3.110252780586451
152.605 3.1040083420229405
152.712 3.1040083420229405
153.671 3.08952260111023
153.712 3.08952260111023
156.234 2.547128818061089
156.313 2.547128818061089
159.325 2.434617911372792
159.42 2.434617911372792
162.647 2.4334822409373857
162.722 2.4334822409373857
165.453 1.4822591943957968
165.521 1.4822591943957968
170.089 3.572557792692021
170.213 3.572557792692021
