0.0 1.7780048899755503
0.026 1.7780048899755503
0.844 1.796017316017316
0.925 1.796017316017316
1.618 1.7988038585209003
1.728 1.7988038585209003
2.35 1.7630201729106627
2.432 1.7630201729106627
4.167 1.7654091152815012
4.227 1.7654091152815012
6.092 1.073264779768883
6.227 1.073264779768883
12.198 2.095493202198438
12.344 2.095493202198438
15.801 2.7061869218500796
15.919 2.7061869218500796
19.054 2.198731550112794
19.114 2.198731550112794
22.217 1.9964784270890226
22.323 1.9964784270890226
25.985 2.85550778579567
26.018 2.85550778579567
28.651 2.6933666055045875
28.716 2.6933666055045875
31.441 1.9731200833550404
31.521 1.9731200833550404
35.36 1.8887544419134397
35.611 1.8887544419134397
40.001 1.9208205727644652
40.119 1.9208205727644652
43.541 1.9869141781006188
43.623 1.9869141781006188
47.34 2.36140213740458
47.422 2.36140213740458
50.697 2.4870873990873994
50.814 2.4870873990873994
53.663 1.781660428410372
53.722 1.781660428410372
58.157 1.6696882060551288
58.222 1.6696882060551288
62.648 2.0356255707762556
62.723 2.0356255707762556
66.227 1.8711674828599412
66.32 1.8711674828599412
70.404 1.6857222464083588
70.712 1.6857222464083588
75.306 1.6343538209862118
75.425 1.6343538209862118
79.704 0.9425095775387038
79.828 0.9425095775387038
87.45 0.5395681953543776
87.595 0.5395681953543776
101.027 0.5242103746397695
101.206 0.5242103746397695
103.982 0.528680142687277
104.096 0.528680142687277
105.778 0.529900819318672
105.891 0.529900819318672
108.21 0.8766411764705883
108.392 0.8766411764705883
109.752 0.9053687994248741
109.858 0.9053687994248741
111.249 0.8930775237032906
111.355 0.8930775237032906
114.941 0.89683904213398
115.06 0.89683904213398
118.359 0.9528840161569533
118.452 0.9528840161569533
121.918 0.6887437489511663
122.053 0.6887437489511663
133.971 0.5152283527990335
134.11 0.5152283527990335
136.593 0.520197628458498
136.806 0.520197628458498
138.83 0.5202349239643419
138.995 0.5202349239643419
140.902 0.5156532618409294
141.09 0.5156532618409294
143.328 0.7379630996309964
143.493 0.7379630996309964
145.119 1.120969696969697
145.239 1.120969696969697
146.295 1.1076612489307098
146.448 1.1076612489307098
147.617 1.1008668639053256
147.747 1.1008668639053256
150.451 0.8491473408892763
150.55 0.8491473408892763
159.726 0.8078289986311467
159.862 0.8078289986311467
169.359 0.7596704699284471
169.458 0.7596704699284471
179.8 0.7452953929539295
179.963 0.7452953929539295
181.439 0.74013125
181.585 0.74013125
182.865 0.7404451772464963
182.964 0.7404451772464963
