0.0 2.05135119887165
0.02 2.05135119887165
0.729 2.0675083056478405
0.824 2.0675083056478405
1.426 2.060508287292818
1.515 2.060508287292818
2.058 2.015046113306983
2.123 2.015046113306983
3.641 2.02490036900369
3.718 2.02490036900369
5.344 2.0178242280285037
5.415 2.0178242280285037
6.678 2.5232044583768722
6.725 2.5232044583768722
9.596 2.15381975120589
9.708 2.15381975120589
13.647 1.4119751655629138
13.735 1.4119751655629138
18.567 2.0135235472321673
18.62 2.0135235472321673
22.251 1.949831950207469
22.313 1.949831950207469
26.169 2.2153407787503774
26.226 2.2153407787503774
29.539 2.3940606826801516
29.619 2.3940606826801516
32.783 2.8572129565816677
32.913 2.8572129565816677
35.815 1.0508470023980814
36.103 1.0508470023980814
42.358 1.6690079096045196
42.446 1.6690079096045196
46.871 1.695219640508549
46.94 1.695219640508549
51.502 3.118711267605634
51.613 3.118711267605634
53.885 1.9928534678436318
54.015 1.9928534678436318
57.98 4.446474127557161
58.108 4.446474127557161
59.77 4.156662004662005
59.808 4.156662004662005
61.524 5.431306325515281
61.608 5.431306325515281
63.015 6.681221052631579
63.105 6.681221052631579
65.765 6.677256022866476
65.807 6.677256022866476
68.256 6.7912732919254655
68.307 6.7912732919254655
70.883 6.594302270947534
71.005 6.594302270947534
73.559 6.6039641626464505
73.605 6.6039641626464505
76.507 6.431465144720749
76.606 6.431465144720749
79.059 5.068837043633125
79.108 5.068837043633125
82.477 5.803928930606772
82.61 5.803928930606772
85.593 6.575474134577985
85.895 6.575474134577985
88.466 6.550825772016775
88.506 6.550825772016775
91.129 6.4136816684961575
91.207 6.4136816684961575
93.94 6.374246689895471
94.007 6.374246689895471
96.877 6.392761772853186
97.01 6.392761772853186
99.898 6.479631280695126
100.006 6.479631280695126
102.653 5.795565283018869
102.706 5.795565283018869
105.356 5.035092614302462
105.406 5.035092614302462
108.818 4.650220648324708
108.908 4.650220648324708
112.579 5.268168149739184
112.898 5.268168149739184
116.157 5.622642666666667
116.211 5.622642666666667
119.211 6.286535251798561
119.308 6.286535251798561
122.088 6.305878157503715
122.207 6.305878157503715
124.899 6.374440215439857
125.005 6.374440215439857
127.79 6.493353705118412
127.907 6.493353705118412
130.525 6.43007084078712
130.608 6.43007084078712
133.403 5.979085365853659
133.504 5.979085365853659
136.128 5.317734731647131
136.209 5.317734731647131
139.451 4.276384787472036
139.7 4.276384787472036
