0.0 3.2756936936936936
0.014 3.2756936936936936
0.458 3.2753684210526317
0.517 3.2753684210526317
0.897 3.3004601769911504
1.016 3.3004601769911504
1.355 3.2808865435356203
1.414 3.2808865435356203
1.793 3.2406377952755907
1.915 3.2406377952755907
2.931 3.2251957725213893
3.016 3.2251957725213893
5.003 3.2239074321317314
5.113 3.2239074321317314
7.36 4.823135872654918
7.413 4.823135872654918
9.172 5.289080733354776
9.208 5.289080733354776
12.317 5.448542543171115
12.41 5.448542543171115
15.595 5.459395918367347
15.706 5.459395918367347
18.891 5.416945571658616
19.007 5.416945571658616
22.112 5.032945330296127
22.207 5.032945330296127
25.719 4.316577661844914
25.81 4.316577661844914
30.027 5.015064707721162
30.108 5.015064707721162
33.307 5.4596905516804055
33.408 5.4596905516804055
36.562 5.248570773638969
36.801 5.248570773638969
40.291 5.481069860279441
40.408 5.481069860279441
43.414 5.383578181818182
43.507 5.383578181818182
46.807 5.489606108813236
46.906 5.489606108813236
50.049 5.305001300390117
50.109 5.305001300390117
53.185 5.407376397515528
53.308 5.407376397515528
56.528 5.453221233507211
56.608 5.453221233507211
59.867 5.411184645929848
59.909 5.411184645929848
62.931 5.377903473716569
63.007 5.377903473716569
66.26 5.424105636070854
66.501 5.424105636070854
69.606 2.2747423145400596
69.723 2.2747423145400596
78.148 4.562285714285714
78.208 4.562285714285714
81.666 4.570907922912205
81.708 4.570907922912205
85.444 4.4233827286663265
85.51 4.4233827286663265
89.424 4.259396321491559
89.509 4.259396321491559
93.478 4.936172364263143
93.511 4.936172364263143
96.992 2.9459818487394958
97.109 2.9459818487394958
103.059 4.379719415848696
103.121 4.379719415848696
107.298 5.224192416525184
107.6 5.224192416525184
111.134 5.316672039677619
111.209 5.316672039677619
114.435 4.86174358974359
114.508 4.86174358974359
117.667 4.589830617152017
117.711 4.589830617152017
121.454 4.833227633069083
121.51 4.833227633069083
125.042 5.307251931993817
125.109 5.307251931993817
128.344 5.40119372398335
128.411 5.40119372398335
131.534 5.415732259064146
131.608 5.415732259064146
134.835 5.495443185496924
134.906 5.495443185496924
137.995 5.247654744309784
138.302 5.247654744309784
141.685 4.937438280569271
141.808 4.937438280569271
145.251 4.6753506763787716
145.308 4.6753506763787716
149.152 3.458800705467372
149.21 3.458800705467372
153.746 4.581476481530694
153.811 4.581476481530694
157.574 4.127119107592659
157.611 4.127119107592659
