0.0 2.5605774647887323
0.016 2.5605774647887323
0.584 2.587609147609147
0.722 2.587609147609147
1.203 2.57208275862069
1.317 2.57208275862069
1.752 2.534250207125104
1.822 2.534250207125104
3.029 2.5389048543689317
3.118 2.5389048543689317
3.633 2.5220243998425818
3.718 2.5220243998425818
6.259 2.54179649122807
6.314 2.54179649122807
9.164 2.583403166869671
9.218 2.583403166869671
12.502 2.6464949573312646
12.617 2.6464949573312646
15.195 2.6451172214182344
15.314 2.6451172214182344
18.078 2.4904113945014905
18.118 2.4904113945014905
21.137 2.741660067239447
21.216 2.741660067239447
23.893 2.776689149560117
24.016 2.776689149560117
26.744 1.8658037803780378
27.0 1.8658037803780378
31.444 1.402399829315127
31.575 1.402399829315127
36.262 2.689497450837582
36.317 2.689497450837582
39.063 2.6732084341514
39.119 2.6732084341514
42.012 2.626283172720534
42.118 2.626283172720534
44.816 2.5797140058765917
44.916 2.5797140058765917
47.979 2.5993809356313755
48.019 2.5993809356313755
50.862 2.712915045719036
50.922 2.712915045719036
56.937 2.73898883120969
57.015 2.73898883120969
63.372 2.771685589519651
63.414 2.771685589519651
69.826 2.425841863225041
69.915 2.425841863225041
76.656 2.506349570200573
76.721 2.506349570200573
83.701 2.770040789473684
83.817 2.770040789473684
89.897 2.6982431077694238
90.018 2.6982431077694238
93.21 2.693417406749556
93.319 2.693417406749556
95.571 2.588089125374127
95.619 2.588089125374127
98.626 2.394628220858896
98.719 2.394628220858896
101.979 2.394596298834818
102.012 2.394596298834818
104.93 2.3138254545454546
105.018 2.3138254545454546
108.318 2.2371235387045814
108.423 2.2371235387045814
111.588 2.2367356197677557
111.715 2.2367356197677557
115.418 2.3213936651583706
115.704 2.3213936651583706
119.24 2.322120541205412
119.321 2.322120541205412
122.573 2.3206112216474333
122.617 2.3206112216474333
125.13 2.731428155692979
125.222 2.731428155692979
127.971 2.7905259117082535
128.015 2.7905259117082535
130.62 2.651216524216524
130.716 2.651216524216524
133.524 2.270280991735537
133.622 2.270280991735537
136.647 2.1041929689504744
136.718 2.1041929689504744
140.615 2.1038694362017805
140.721 2.1038694362017805
144.091 1.8811627233220665
144.407 1.8811627233220665
148.549 2.0491324786324787
148.622 2.0491324786324787
152.366 2.294542056074766
152.42 2.294542056074766
155.844 1.7836392914653785
155.921 1.7836392914653785
159.647 2.1312433112999685
159.726 2.1312433112999685
162.903 2.260398896334253
163.023 2.260398896334253
