0.0 3.16175652173913
0.012 3.16175652173913
0.472 3.134499017681729
0.52 3.134499017681729
1.538 3.128758082497213
1.615 3.128758082497213
2.512 3.10703620474407
2.619 3.10703620474407
5.022 3.407688888888889
5.117 3.407688888888889
7.457 4.040645649432535
7.51 4.040645649432535
9.096 3.6112263210368893
9.21 3.6112263210368893
11.216 3.222140524116977
11.314 3.222140524116977
13.947 3.233490047393365
14.016 3.233490047393365
16.126 3.358338998621957
16.213 3.358338998621957
18.39 3.3928483754512637
18.513 3.3928483754512637
20.729 3.3947382053654023
21.004 3.3947382053654023
23.166 3.174515804597701
23.217 3.174515804597701
28.785 3.2053192463461877
28.915 3.2053192463461877
34.594 3.576279982166741
34.713 3.576279982166741
39.199 3.8385786892554616
39.314 3.8385786892554616
43.8 4.607020120724346
43.91 4.607020120724346
47.886 5.37731592689295
48.008 5.37731592689295
51.072 5.479891425046268
51.11 5.479891425046268
54.352 4.6157924023542
54.407 4.6157924023542
58.145 4.388968262506724
58.402 4.388968262506724
62.12 4.486408657562484
62.21 4.486408657562484
66.091 4.546443591711435
66.211 4.546443591711435
70.12 3.7704865114134196
70.21 3.7704865114134196
74.547 2.7351969981238278
74.62 2.7351969981238278
81.016 4.515240750670241
81.116 4.515240750670241
84.846 5.725934867045115
84.909 5.725934867045115
88.256 4.814276472383277
88.309 4.814276472383277
91.586 4.305827534039334
91.709 4.305827534039334
95.675 4.556084210526316
95.905 4.556084210526316
99.705 5.462211308562197
99.808 5.462211308562197
102.903 5.290275862068966
103.007 5.290275862068966
106.255 4.957180995475113
106.31 4.957180995475113
109.846 4.93102102425876
109.909 4.93102102425876
113.619 4.848292016806723
113.711 4.848292016806723
117.519 4.918722110696875
117.611 4.918722110696875
121.098 5.4831303106033555
121.211 5.4831303106033555
124.012 5.479979585326953
124.109 5.479979585326953
127.244 5.267189139154582
127.501 5.267189139154582
130.742 5.255267829813284
130.808 5.255267829813284
134.075 5.510593923554394
134.109 5.510593923554394
137.17 5.572885204081633
137.209 5.572885204081633
140.345 4.455491863517061
140.41 4.455491863517061
144.22 3.8846424507658646
144.315 3.8846424507658646
148.885 3.8679408418657566
149.012 3.8679408418657566
153.407 3.8319931769722815
153.512 3.8319931769722815
158.202 3.7696107640557424
158.313 3.7696107640557424
162.475 3.491311462130417
162.704 3.491311462130417
167.642 3.489280194706419
167.717 3.489280194706419
