0.0 3.224851441241685
0.012 3.224851441241685
0.463 3.24125
0.516 3.24125
0.9 3.1892
1.017 3.1892
1.897 3.176365524402908
2.014 3.176365524402908
2.977 3.1934898157129
3.014 3.1934898157129
4.045 3.1756511397423193
4.116 3.1756511397423193
6.134 2.4539701897018973
6.212 2.4539701897018973
9.164 1.948976797610843
9.219 1.948976797610843
13.572 1.7566076210092687
13.629 1.7566076210092687
17.513 1.706208634772462
17.631 1.706208634772462
21.916 1.814760318609703
22.027 1.814760318609703
26.17 2.2020474047404743
26.22 2.2020474047404743
29.553 3.0580573274121923
29.614 3.0580573274121923
32.091 5.058957901159244
32.405 5.058957901159244
34.044 6.741587692307692
34.106 6.741587692307692
35.081 6.865974481658693
35.106 6.865974481658693
37.614 4.567958104738154
37.71 4.567958104738154
41.72 4.245322339603195
41.807 4.245322339603195
45.688 3.440985473561883
45.809 3.440985473561883
50.972 4.3835955284552846
51.013 4.3835955284552846
54.949 4.1862965623396615
55.009 4.1862965623396615
58.907 3.538254826254826
59.013 3.538254826254826
63.934 6.541055576002945
64.008 6.541055576002945
66.725 5.485608856088561
66.997 5.485608856088561
69.978 4.211439576311988
70.009 4.211439576311988
74.163 3.989068687825675
74.208 3.989068687825675
78.43 3.0444327243844325
78.515 3.0444327243844325
84.81 3.043871117113641
84.913 3.043871117113641
90.096 2.9761087486929245
90.216 2.9761087486929245
95.954 2.181592741935484
96.016 2.181592741935484
103.952 2.4625701383831027
104.027 2.4625701383831027
110.892 2.363207889546351
111.014 2.363207889546351
116.084 2.945297836938436
116.232 2.945297836938436
118.636 5.183123904881101
118.707 5.183123904881101
120.305 6.031188831741367
120.406 6.031188831741367
121.767 4.157959757575758
121.806 4.157959757575758
125.931 3.504049281314168
126.011 3.504049281314168
130.394 3.147048177321854
130.513 3.147048177321854
135.972 2.437315819531696
136.02 2.437315819531696
143.024 2.4387600000000003
143.309 2.4387600000000003
147.909 2.5098129496402874
148.028 2.5098129496402874
149.835 3.080405709992487
149.916 3.080405709992487
152.578 3.0786105080330004
152.616 3.0786105080330004
154.919 3.0809711348359037
155.015 3.0809711348359037
157.544 2.982874027993779
157.616 2.982874027993779
160.188 2.9217225734473784
160.317 2.9217225734473784
163.006 2.9238187417509898
163.115 2.9238187417509898
165.388 2.9210353753235547
165.517 2.9210353753235547
167.835 3.0302340290955088
167.919 3.0302340290955088
