0.0 0.7326992443324937
0.053 0.7326992443324937
2.038 0.7373459715639811
2.171 0.7373459715639811
3.859 0.7380316622691292
3.974 0.7380316622691292
5.49 0.7375183867141162
5.671 0.7375183867141162
7.357 0.753188940092166
7.473 0.753188940092166
9.209 0.8147677419354838
9.357 0.8147677419354838
10.597 0.8964619883040935
10.773 0.8964619883040935
12.141 0.8516791181873852
12.249 0.8516791181873852
13.882 0.7167416745456455
14.042 0.7167416745456455
23.561 1.0454889174889175
23.647 1.0454889174889175
30.64 1.0543880597014925
30.752 1.0543880597014925
33.432 1.1460403669724772
33.718 1.1460403669724772
34.808 0.8820082304526748
34.945 0.8820082304526748
36.403 0.5047045614035087
36.582 0.5047045614035087
39.432 0.654324678476098
39.605 0.654324678476098
43.726 0.4720012888674078
43.953 0.4720012888674078
50.16 0.6628603754178451
50.437 0.6628603754178451
62.104 0.369043797856049
62.33 0.369043797856049
65.595 0.3443706402915149
65.883 0.3443706402915149
69.725 0.4655299463031805
69.913 0.4655299463031805
72.334 0.5102621359223302
72.648 0.5102621359223302
75.12 0.7945223410950283
75.256 0.7945223410950283
76.845 0.822720200752823
76.964 0.822720200752823
78.558 0.6235320788936749
78.661 0.6235320788936749
83.072 0.5313201697730209
83.178 0.5313201697730209
88.597 0.8226479625918504
88.756 0.8226479625918504
90.253 0.8905801713586292
90.357 0.8905801713586292
91.991 1.11438103986772
92.149 1.11438103986772
97.592 0.9338113750899928
97.751 0.9338113750899928
106.085 1.0838472727272725
106.44 1.0838472727272725
107.54 1.1971178707224335
107.641 1.1971178707224335
108.693 0.19563726708074536
109.048 0.19563726708074536
115.488 0.37046926295461863
115.865 0.37046926295461863
118.972 0.9319686386315039
119.082 0.9319686386315039
120.485 1.055842053307009
120.535 1.055842053307009
123.574 0.6568837856645791
123.863 0.6568837856645791
135.359 0.9259599872975548
135.458 0.9259599872975548
141.756 1.0679095801937568
141.85 1.0679095801937568
142.779 0.8959875776397516
143.032 0.8959875776397516
144.32 0.8941341281669151
144.456 0.8941341281669151
145.798 0.5427528656579551
145.984 0.5427528656579551
148.165 0.5386256239600666
148.299 0.5386256239600666
150.703 0.6979470105509965
151.034 0.6979470105509965
155.299 0.5473381205120199
155.485 0.5473381205120199
161.891 0.6863438897835032
162.26 0.6863438897835032
173.438 0.82348038585209
173.569 0.82348038585209
175.124 0.8929025974025974
175.259 0.8929025974025974
176.491 0.9233606237816764
176.83 0.9233606237816764
177.856 0.9336382536382537
177.947 0.9336382536382537
