0.0 1.092718256949662
0.039 1.092718256949662
1.37 1.1093048128342244
1.446 1.1093048128342244
2.568 1.462556862745098
2.645 1.462556862745098
3.41 2.041799671592775
3.52 2.041799671592775
4.129 2.8424695652173915
4.218 2.8424695652173915
4.678 2.8222724252491695
4.72 2.8222724252491695
5.623 1.4186641414141414
5.721 1.4186641414141414
8.889 1.3815170167725126
9.045 1.3815170167725126
15.186 1.8271730048205677
15.323 1.8271730048205677
19.057 2.0286082130965593
19.116 2.0286082130965593
22.72 1.7694874088020711
22.825 1.7694874088020711
27.074 1.0603039583935279
27.147 1.0603039583935279
34.069 1.4406253328261696
34.151 1.4406253328261696
39.409 1.8328099027409372
39.525 1.8328099027409372
44.049 1.44557906311854
44.129 1.44557906311854
48.676 1.166907884341918
48.919 1.166907884341918
55.248 2.5847566844919787
55.337 2.5847566844919787
58.329 2.959779448621554
58.413 2.959779448621554
60.807 2.265385321100917
60.918 2.265385321100917
64.406 1.7520246562351827
64.523 1.7520246562351827
68.741 1.8247203888462522
68.819 1.8247203888462522
72.728 1.4905106299980495
72.863 1.4905106299980495
77.99 1.5146113827498535
78.123 1.5146113827498535
83.236 0.7947948630526196
83.345 0.7947948630526196
92.144 0.7356090225563909
92.274 0.7356090225563909
93.87 0.7365454545454545
93.969 0.7365454545454545
95.641 0.7338416540595059
95.773 0.7338416540595059
97.756 0.741651376146789
97.872 0.741651376146789
99.071 0.781260487804878
99.178 0.781260487804878
103.278 0.8335234131113424
103.363 0.8335234131113424
107.207 0.8660453309156846
107.351 0.8660453309156846
110.66 1.0276541598694944
110.743 1.0276541598694944
111.969 1.028639857015192
112.22 1.028639857015192
113.339 1.0255309803921568
113.446 1.0255309803921568
114.721 1.4752782171099927
114.85 1.4752782171099927
120.414 2.433624234611666
120.524 2.433624234611666
123.627 1.7714750911300121
123.721 1.7714750911300121
127.013 2.416702928870293
127.121 2.416702928870293
130.228 2.422299233588804
130.32 2.422299233588804
133.321 2.4186536712150746
133.419 2.4186536712150746
136.497 2.3319524617996605
136.617 2.3319524617996605
139.562 2.2355616139585606
139.619 2.2355616139585606
143.287 2.153064075311266
143.606 2.153064075311266
146.899 1.8640612440191386
147.025 1.8640612440191386
151.205 1.8648400583373845
151.325 1.8648400583373845
155.439 0.911639823624971
155.521 0.911639823624971
164.139 0.9839857862007699
164.251 0.9839857862007699
171.005 2.4461560693641617
171.122 2.4461560693641617
173.89 3.26793997271487
174.019 3.26793997271487
