0.0 8.505309941520467
0.006 8.505309941520467
0.177 8.397157894736841
0.209 8.397157894736841
0.589 8.332220976781425
0.709 8.332220976781425
1.958 8.335108968177435
2.008 8.335108968177435
4.082 3.436131563762262
4.105 3.436131563762262
9.304 4.8404487379245875
9.427 4.8404487379245875
12.636 5.477715011107585
12.71 5.477715011107585
15.861 5.368114854966306
15.912 5.368114854966306
19.325 1.5184921968787515
19.408 1.5184921968787515
30.237 3.6628777555110217
30.326 3.6628777555110217
32.322 7.146912547528517
32.407 7.146912547528517
33.459 7.245235932872655
33.508 7.245235932872655
34.521 2.0988661679135494
34.602 2.0988661679135494
38.211 5.730222529371113
38.309 5.730222529371113
39.756 4.833742693582404
39.812 4.833742693582404
43.131 7.0863637860082305
43.207 7.0863637860082305
45.637 1.6187267585719334
45.709 1.6187267585719334
57.025 1.4811838125085162
57.163 1.4811838125085162
64.502 3.021668833652008
64.612 3.021668833652008
67.227 1.4788953372023212
67.332 1.4788953372023212
72.329 1.574224032586558
72.426 1.574224032586558
74.39 4.616380952380952
74.528 4.616380952380952
75.221 7.034625820568928
75.308 7.034625820568928
75.765 6.883267716535434
75.811 6.883267716535434
76.827 6.874457416267942
76.909 6.874457416267942
77.954 7.206610183996577
78.006 7.206610183996577
80.343 7.0355007342143905
80.41 7.0355007342143905
83.134 3.5757896645512237
83.208 3.5757896645512237
87.62 4.239551142005959
87.724 4.239551142005959
91.752 4.876935211267606
91.808 4.876935211267606
95.358 4.182470064324591
95.414 4.182470064324591
99.456 5.077664302600473
99.507 5.077664302600473
102.891 4.027709558823529
103.014 4.027709558823529
107.366 4.099974899148364
107.601 4.099974899148364
112.063 6.309738892686261
112.109 6.309738892686261
115.035 6.494352139341158
115.112 6.494352139341158
117.753 6.949433484162896
117.807 6.949433484162896
120.017 6.460976306882286
120.105 6.460976306882286
122.764 6.454049149338374
122.809 6.454049149338374
125.454 6.459352896914973
125.507 6.459352896914973
128.165 6.254329996292176
128.209 6.254329996292176
130.906 6.413419449541285
131.009 6.413419449541285
133.734 3.3601393507521773
134.006 3.3601393507521773
139.058 6.636566728971962
139.109 6.636566728971962
141.784 6.808009611533841
141.906 6.808009611533841
144.403 5.698176284083703
144.509 5.698176284083703
147.663 6.608727885425441
147.708 6.608727885425441
150.082 5.721903750414869
150.21 5.721903750414869
153.223 4.435136890951275
153.311 4.435136890951275
