0.0 0.8349070034443169
0.056 0.8349070034443169
1.798 0.8398380566801619
1.955 0.8398380566801619
3.437 0.9133518367346939
3.553 0.9133518367346939
4.778 0.9370429540316503
4.852 0.9370429540316503
6.179 0.9299687055476529
6.243 0.9299687055476529
7.649 1.2886632653061225
7.753 1.2886632653061225
8.537 1.17848055962258
8.638 1.17848055962258
14.785 1.4539667523564697
14.933 1.4539667523564697
20.768 1.135407555333666
20.845 1.135407555333666
26.854 0.8926866910866911
26.955 0.8926866910866911
35.145 0.8635616438356164
35.257 0.8635616438356164
36.571 0.8556054794520549
36.841 0.8556054794520549
38.301 1.6034513715710723
38.471 1.6034513715710723
39.273 2.2023269961977183
39.349 2.2023269961977183
40.927 1.772828402366864
41.042 1.772828402366864
42.563 1.6361010190518386
42.624 1.6361010190518386
47.138 2.419772215269086
47.214 2.419772215269086
50.41 1.963344970906068
50.52 1.963344970906068
54.129 1.9132358353510897
54.221 1.9132358353510897
58.351 2.1754607006181925
58.423 2.1754607006181925
61.82 2.31285084306096
61.919 2.31285084306096
65.003 4.32720724801812
65.112 4.32720724801812
66.878 3.1391195784353467
66.912 3.1391195784353467
69.379 2.405710354317166
69.607 2.405710354317166
72.514 3.6009062656641606
72.623 3.6009062656641606
74.618 4.695246166713131
74.714 4.695246166713131
78.301 3.8260539029746456
78.411 3.8260539029746456
83.42 3.2341910619106193
83.512 3.2341910619106193
88.39 2.7744779853777417
88.519 2.7744779853777417
94.674 3.158175848230573
94.717 3.158175848230573
100.199 2.5164548972908607
100.317 2.5164548972908607
107.035 2.6949209535759096
107.122 2.6949209535759096
113.498 2.8190080411707945
113.619 2.8190080411707945
119.837 2.68829341123012
119.922 2.68829341123012
123.003 3.4445858161980696
123.117 3.4445858161980696
125.5 3.810058526740666
125.61 3.810058526740666
127.592 3.983398907103825
127.71 3.983398907103825
129.174 3.591516022761306
129.229 3.591516022761306
132.568 3.2803535741737124
132.616 3.2803535741737124
137.82 4.064621212121212
137.914 4.064621212121212
142.138 5.654685886691251
142.208 5.654685886691251
145.191 5.452907332293292
145.313 5.452907332293292
148.518 5.1316275695284155
148.615 5.1316275695284155
151.923 4.694028556319408
152.012 4.694028556319408
155.794 4.470049960557455
155.912 4.470049960557455
159.715 3.811675079533404
159.81 3.811675079533404
164.525 3.4451295564339044
164.805 3.4451295564339044
169.359 5.195930078360458
169.41 5.195930078360458
172.728 5.287811894882434
172.818 5.287811894882434
