0.0 3.758160206718346
0.014 3.758160206718346
0.401 3.7602416918429005
0.515 3.7602416918429005
0.846 3.7073923381770144
0.914 3.7073923381770144
1.671 3.707684848484848
1.709 3.707684848484848
2.534 3.6963849964614295
2.615 3.6963849964614295
4.028 3.6915115207373272
4.114 3.6915115207373272
5.85 3.6772182741116755
5.911 3.6772182741116755
7.881 3.45751575769013
7.917 3.45751575769013
13.216 3.102594716981132
13.311 3.102594716981132
18.611 3.366364306498545
18.714 3.366364306498545
23.869 3.7043408606732
23.912 3.7043408606732
28.606 3.30184844915587
28.712 3.30184844915587
33.806 3.7760529801324507
33.916 3.7760529801324507
38.597 3.9426051548624645
38.71 3.9426051548624645
43.327 3.939880157170923
43.415 3.939880157170923
47.487 3.935069469835466
47.8 3.935069469835466
52.176 3.8603818756585877
52.212 3.8603818756585877
56.957 3.8289788519637464
57.013 3.8289788519637464
61.316 3.9131735682819384
61.411 3.9131735682819384
65.951 3.9967180912670837
66.012 3.9967180912670837
70.329 3.9771347794296856
70.412 3.9771347794296856
74.515 3.9572163636363635
74.613 3.9572163636363635
79.013 3.9786121212121213
79.113 3.9786121212121213
80.433 3.743790149892934
80.513 3.743790149892934
82.381 3.3965995271867615
82.415 3.3965995271867615
84.53 3.3850910789350768
84.613 3.3850910789350768
86.754 3.3935350669818756
86.816 3.3935350669818756
89.354 3.396179171332587
89.414 3.396179171332587
91.2 3.540666060054595
91.312 3.540666060054595
93.51 4.114334600760456
93.616 4.114334600760456
97.824 4.124309343742376
97.912 4.124309343742376
102.011 4.185826065773448
102.11 4.185826065773448
106.215 4.188432974910395
106.31 4.188432974910395
110.495 3.9520604882263988
110.61 3.9520604882263988
115.239 3.9483096663815225
115.31 3.9483096663815225
119.986 3.928443426477325
120.111 3.928443426477325
124.477 3.9259325153374234
124.515 3.9259325153374234
128.427 4.070063018242123
128.701 4.070063018242123
132.922 4.104582832411637
133.013 4.104582832411637
137.172 4.169247207382225
137.213 4.169247207382225
141.331 4.225432865731463
141.414 4.225432865731463
145.406 4.207166104959076
145.509 4.207166104959076
149.663 4.189393879565647
149.714 4.189393879565647
153.766 4.221834958382877
153.813 4.221834958382877
158.018 4.294997473471451
158.112 4.294997473471451
162.07 4.272954826438421
162.215 4.272954826438421
166.421 4.0105112474437625
166.701 4.0105112474437625
170.613 4.011190321079572
170.714 4.011190321079572
175.012 4.155530434782609
175.115 4.155530434782609
