0.0 1.7933514180024661
0.027 1.7933514180024661
0.838 1.8090697674418605
0.926 1.8090697674418605
1.614 1.8133808752025933
1.722 1.8133808752025933
2.339 1.8073488372093023
2.421 1.8073488372093023
3.109 2.0603518737672584
3.232 2.0603518737672584
5.767 2.144016058882569
5.823 2.144016058882569
8.812 1.7125579196217493
8.923 1.7125579196217493
13.153 1.313906767848846
13.235 1.313906767848846
19.692 1.4688189451022604
19.828 1.4688189451022604
24.473 1.6776282698485543
24.527 1.6776282698485543
28.885 1.6782482142857142
29.027 1.6782482142857142
33.507 2.528220461591457
33.613 2.528220461591457
36.516 2.533380602006689
36.613 2.533380602006689
39.603 3.043917767988253
39.904 3.043917767988253
42.628 3.7581749571183534
42.712 3.7581749571183534
44.461 3.1601882755669664
44.511 3.1601882755669664
46.848 3.1917424680148576
46.913 3.1917424680148576
49.336 3.2577986206896554
49.415 3.2577986206896554
51.59 3.227803921568628
51.714 3.227803921568628
54.162 3.2555242290748896
54.216 3.2555242290748896
56.486 3.2506342629482075
56.621 3.2506342629482075
61.641 3.260627715355805
61.716 3.260627715355805
67.056 3.5480231583150332
67.114 3.5480231583150332
72.123 1.651110662358643
72.213 1.651110662358643
82.117 1.8835364446775038
82.234 1.8835364446775038
86.048 2.0020662983425415
86.118 2.0020662983425415
89.738 2.337891422366992
89.824 2.337891422366992
93.508 3.8931810012836974
93.609 3.8931810012836974
95.167 3.1267111289674565
95.214 3.1267111289674565
97.703 3.8173535452322738
97.813 3.8173535452322738
99.858 3.183340318906606
99.909 3.183340318906606
102.104 2.606015017064846
102.219 2.606015017064846
105.149 2.8747446203816485
105.405 2.8747446203816485
107.868 2.870929636048527
107.916 2.870929636048527
110.801 2.016322279538197
110.91 2.016322279538197
114.981 1.4685989887203423
115.028 1.4685989887203423
120.17 1.4685711407705866
120.233 1.4685711407705866
124.204 2.2287610566933806
124.333 2.2287610566933806
127.702 2.635721537345903
127.813 2.635721537345903
130.571 2.635262300884956
130.613 2.635262300884956
133.438 1.932901773149451
133.524 1.932901773149451
137.077 1.814569595043151
137.312 1.814569595043151
141.831 1.4410650406504064
141.927 1.4410650406504064
146.847 1.4077282746160795
146.931 1.4077282746160795
152.466 1.5701907490790012
152.534 1.5701907490790012
157.42 1.9124907497565726
157.528 1.9124907497565726
161.636 2.2558859470468433
161.727 2.2558859470468433
164.673 2.988067078552515
164.715 2.988067078552515
166.981 3.347868623340321
167.017 3.347868623340321
