0.0 2.8295875486381323
0.014 2.8295875486381323
0.528 2.854678899082569
0.623 2.854678899082569
1.059 2.846961832061069
1.115 2.846961832061069
1.508 2.7883682771194165
1.628 2.7883682771194165
2.725 2.792610687022901
2.814 2.792610687022901
3.993 2.873181510710259
4.112 2.873181510710259
4.999 2.9264896265560165
5.111 2.9264896265560165
6.075 2.887643294758339
6.116 2.887643294758339
9.054 2.8788081232492995
9.122 2.8788081232492995
14.834 2.9082634489693313
14.913 2.9082634489693313
20.88 3.0484179523141655
20.914 3.0484179523141655
26.618 3.374722311396469
26.713 3.374722311396469
31.697 3.300168782673637
31.813 3.300168782673637
37.169 3.1729140665853235
37.216 3.1729140665853235
42.953 3.1420274187230706
43.013 3.1420274187230706
48.119 3.441219824140687
48.216 3.441219824140687
53.22 3.2727854422344476
53.313 3.2727854422344476
55.676 3.05024192854068
55.714 3.05024192854068
58.037 2.1286810344827587
58.119 2.1286810344827587
61.831 2.1296945244956773
61.919 2.1296945244956773
65.389 2.1739811033221583
65.522 2.1739811033221583
68.803 2.9757975077881618
68.913 2.9757975077881618
71.481 2.968266768876964
71.511 2.968266768876964
74.12 2.9633050847457625
74.211 2.9633050847457625
76.571 2.9178748984565397
76.803 2.9178748984565397
79.265 2.8966746602717826
79.313 2.8966746602717826
81.815 2.899929966329966
81.912 2.899929966329966
84.882 2.9259893873613123
84.913 2.9259893873613123
86.986 3.0229973446627723
87.016 3.0229973446627723
92.665 2.74767814632598
92.713 2.74767814632598
99.014 2.8326983914209114
99.114 2.8326983914209114
105.082 3.152231884057971
105.211 3.152231884057971
110.662 3.2653859910581224
110.712 3.2653859910581224
116.08 3.3008432544840134
116.116 3.3008432544840134
119.963 3.014486962908557
120.014 3.014486962908557
122.737 2.926951937984496
122.811 2.926951937984496
125.391 2.9246218655967904
125.512 2.9246218655967904
127.506 3.146980720871752
127.611 3.146980720871752
129.997 3.230808888888889
130.115 3.230808888888889
132.365 3.2315000941087897
132.414 3.2315000941087897
137.727 3.507574963609898
137.813 3.507574963609898
142.622 3.457967550455085
142.714 3.457967550455085
147.768 3.4502894308943093
147.816 3.4502894308943093
152.736 3.3010070658237263
152.811 3.3010070658237263
158.189 3.0259166963332147
158.316 3.0259166963332147
163.934 2.9993404539385846
164.019 2.9993404539385846
170.011 2.7699717514124296
170.116 2.7699717514124296
175.78 2.747660847880299
175.819 2.747660847880299
177.423 2.7438717067583047
177.519 2.7438717067583047
