0.0 4.691638709677419
0.01 4.691638709677419
0.32 4.714545454545455
0.407 4.714545454545455
0.671 4.638836363636364
0.711 4.638836363636364
1.316 4.634606060606061
1.408 4.634606060606061
2.068 4.643847672778561
2.107 4.643847672778561
2.816 4.6170489913544674
2.908 4.6170489913544674
4.296 2.53454919236417
4.406 2.53454919236417
11.216 2.705060682120183
11.315 2.705060682120183
18.088 2.7424536357571716
18.219 2.7424536357571716
24.215 3.759447140381283
24.312 3.759447140381283
28.928 2.655494196701283
29.01 2.655494196701283
35.558 3.316555478018144
35.616 3.316555478018144
37.049 3.102022360248447
37.111 3.102022360248447
38.721 2.7473929754804507
39.004 2.7473929754804507
42.022 2.241830832196453
42.114 2.241830832196453
45.046 2.8209931245225364
45.114 2.8209931245225364
47.732 2.797971056439942
47.816 2.797971056439942
50.58 2.8582944735780558
50.61 2.8582944735780558
53.089 2.539095115681234
53.224 2.539095115681234
56.336 5.308936781609195
56.411 5.308936781609195
57.803 3.528256
57.909 3.528256
62.534 3.2042237762237766
62.614 3.2042237762237766
68.048 4.982351555929353
68.108 4.982351555929353
71.675 5.247946084724005
71.707 5.247946084724005
74.823 5.275729794933655
74.907 5.275729794933655
78.223 5.232012426219323
78.305 5.232012426219323
81.524 5.226262339787292
81.604 5.226262339787292
85.271 5.2222389937106914
85.313 5.2222389937106914
88.334 5.277166872682324
88.601 5.277166872682324
91.837 5.194455445544554
91.909 5.194455445544554
95.242 5.179394607843137
95.31 5.179394607843137
98.574 5.16310576923077
98.609 5.16310576923077
101.937 5.221504915102771
102.006 5.221504915102771
105.363 5.26145757837216
105.41 5.26145757837216
108.887 5.230112181303116
109.009 5.230112181303116
112.539 5.163029500301024
112.608 5.163029500301024
115.93 5.116005329780147
116.008 5.116005329780147
119.01 5.143633532934132
119.299 5.143633532934132
122.639 5.298249534450651
122.707 5.298249534450651
125.929 5.258486983154671
126.008 5.258486983154671
129.273 5.249899782135076
129.31 5.249899782135076
132.523 5.199811960725974
132.612 5.199811960725974
135.973 4.755020728291316
136.01 4.755020728291316
139.58 3.5512734546909384
139.613 3.5512734546909384
144.612 4.630781803323345
144.714 4.630781803323345
148.385 5.061123063925654
148.507 5.061123063925654
152.058 5.15750164365549
152.302 5.15750164365549
155.344 5.049823081429408
155.412 5.049823081429408
158.826 5.159363022941971
158.909 5.159363022941971
