0.0 8.55534117647059
0.005 8.55534117647059
0.175 8.486489361702128
0.206 8.486489361702128
0.582 8.419865707434054
0.608 8.419865707434054
1.442 8.436393220338983
1.502 8.436393220338983
2.387 8.426626415094338
2.504 8.426626415094338
4.624 8.418970189701897
4.704 8.418970189701897
6.549 7.813617021276595
6.601 7.813617021276595
8.81 5.796069598228408
8.905 5.796069598228408
12.066 4.715730427301406
12.109 4.715730427301406
15.596 4.04513006993007
15.708 4.04513006993007
19.998 4.355755511022044
20.111 4.355755511022044
24.103 4.371002079002079
24.207 4.371002079002079
28.055 4.541547790339157
28.3 4.541547790339157
32.192 5.127607887323944
32.31 5.127607887323944
35.86 4.444097506925208
35.909 4.444097506925208
39.519 4.387226496815287
39.609 4.387226496815287
43.534 4.107065470852018
43.611 4.107065470852018
48.071 4.20523124042879
48.111 4.20523124042879
52.029 4.217903133903134
52.109 4.217903133903134
56.321 4.2434412198721105
56.413 4.2434412198721105
60.479 4.3192652196929595
60.51 4.3192652196929595
64.288 4.239530557584612
64.601 4.239530557584612
68.708 4.208394032678191
68.81 4.208394032678191
73.033 4.375862991704576
73.11 4.375862991704576
76.847 4.565323590814196
76.909 4.565323590814196
80.741 4.0494945900456845
80.81 4.0494945900456845
84.969 4.787585311016738
85.012 4.787585311016738
89.015 4.427837215829357
89.109 4.427837215829357
92.672 4.160027283800244
92.71 4.160027283800244
96.815 4.03663324784332
96.909 4.03663324784332
101.198 4.236978446115288
101.502 4.236978446115288
105.492 5.246661374045802
105.604 5.246661374045802
108.879 4.294118569328761
108.91 4.294118569328761
112.992 4.469603713657464
113.11 4.469603713657464
117.203 4.201705962676376
117.311 4.201705962676376
121.705 4.474715366553613
121.809 4.474715366553613
125.642 4.682392682926829
125.711 4.682392682926829
128.991 4.366989323843416
129.112 4.366989323843416
133.046 4.302157258064516
133.11 4.302157258064516
137.078 4.29224
137.303 4.29224
141.303 4.24350389937107
141.406 4.24350389937107
145.381 4.215284129281234
145.412 4.215284129281234
149.558 4.218544731610338
149.613 4.218544731610338
153.637 4.166349683172965
153.71 4.166349683172965
157.971 4.275553319919517
158.013 4.275553319919517
161.989 4.361089056054356
162.11 4.361089056054356
166.231 4.44829033172668
166.313 4.44829033172668
169.84 4.393500509683996
169.91 4.393500509683996
173.834 4.5549102462271644
174.101 4.5549102462271644
