0.0 3.0111966873706004
0.014 3.0111966873706004
0.497 3.028321167883212
0.622 3.028321167883212
1.033 3.0321300813008127
1.113 3.0321300813008127
1.482 2.972633624878523
1.515 2.972633624878523
2.544 2.9715595667870036
2.612 2.9715595667870036
3.72 2.9572976465159204
3.816 2.9572976465159204
5.983 2.964042553191489
6.01 2.964042553191489
8.454 4.003726285983955
8.513 4.003726285983955
10.632 3.927335084786243
10.711 3.927335084786243
14.898 3.6805107104984094
15.01 3.6805107104984094
19.725 3.340026123703419
19.814 3.340026123703419
25.02 3.868356945722171
25.113 3.868356945722171
29.461 3.8703096124370484
29.513 3.8703096124370484
34.08 3.8995304198800342
34.112 3.8995304198800342
38.78 3.9015544747081714
38.808 3.9015544747081714
42.92 3.629054583772392
43.011 3.629054583772392
47.756 3.826511802799248
48.004 3.826511802799248
52.791 3.921012851023322
52.912 3.921012851023322
57.114 3.753604056623706
57.213 3.753604056623706
61.946 3.6500596572879203
62.012 3.6500596572879203
66.739 2.9599463087248323
66.811 2.9599463087248323
72.324 2.4856177016416847
72.416 2.4856177016416847
79.421 2.810964791288566
79.523 2.810964791288566
82.278 3.591884951206985
82.313 3.591884951206985
84.26 3.5335996064928676
84.312 3.5335996064928676
86.345 2.017672605790646
86.411 2.017672605790646
90.003 1.7523483214649034
90.151 1.7523483214649034
95.066 1.2686835390085756
95.111 1.2686835390085756
99.892 3.0013050520632474
100.047 3.0013050520632474
102.64 3.262218136230673
102.714 3.262218136230673
105.107 3.2697388862891903
105.406 3.2697388862891903
107.543 2.9873333333333334
107.61 2.9873333333333334
110.166 3.846005431830527
110.209 3.846005431830527
112.05 3.476674448767834
112.115 3.476674448767834
113.657 3.789680517082179
113.714 3.789680517082179
115.88 3.681387422193604
115.911 3.681387422193604
120.57 3.619667216592034
120.611 3.619667216592034
124.854 3.220797900262467
124.915 3.220797900262467
130.249 2.8797165991902833
130.312 2.8797165991902833
136.24 3.9387382427162194
136.314 3.9387382427162194
140.673 3.9100435790449697
140.711 3.9100435790449697
145.025 3.8520096980383514
145.111 3.8520096980383514
149.648 3.843202173420874
149.711 3.843202173420874
154.128 3.8736233907920576
154.403 3.8736233907920576
158.986 3.875877792977656
159.113 3.875877792977656
163.499 3.8799758203799657
163.613 3.8799758203799657
168.245 3.806191169335274
168.313 3.806191169335274
172.435 3.875049674084064
172.513 3.875049674084064
176.962 3.8643072776280323
177.013 3.8643072776280323
