0.0 3.3511705069124424
0.013 3.3511705069124424
0.447 3.3458064516129036
0.517 3.3458064516129036
0.889 3.370048192771084
1.015 3.370048192771084
1.347 3.306854054054054
1.42 3.306854054054054
2.345 3.3123621730382293
2.413 3.3123621730382293
3.407 3.2948401028277634
3.516 3.2948401028277634
5.461 3.2957779799818017
5.513 3.2957779799818017
7.711 3.2921598758246025
7.816 3.2921598758246025
10.393 2.592425035472174
10.517 2.592425035472174
16.86 1.663497699386503
16.946 1.663497699386503
27.378 1.3380587293112653
27.543 1.3380587293112653
33.162 0.7549294383871632
33.25 0.7549294383871632
42.972 1.6381757961783439
43.029 1.6381757961783439
43.814 1.469262512768131
43.925 1.469262512768131
44.904 1.0345410895660203
45.046 1.0345410895660203
46.129 2.138475912408759
46.247 2.138475912408759
47.617 2.5935741239892183
47.717 2.5935741239892183
48.83 2.5945252173913045
48.918 2.5945252173913045
50.068 2.7628195804195803
50.117 2.7628195804195803
52.977 4.19174134997164
53.01 4.19174134997164
54.773 1.3416249280605113
54.831 1.3416249280605113
66.994 1.1299494307260092
67.139 1.1299494307260092
73.902 1.9508796433878157
74.052 1.9508796433878157
76.744 2.5939910979228484
76.819 2.5939910979228484
79.515 1.360569696969697
79.621 1.360569696969697
84.901 1.4943257731958763
85.023 1.4943257731958763
89.873 0.8396989373111046
90.106 0.8396989373111046
100.363 0.6953765258215963
100.443 0.6953765258215963
103.638 0.4946977606177606
103.816 0.4946977606177606
110.291 1.3232319644839068
110.435 1.3232319644839068
111.336 0.47238109527381844
111.436 0.47238109527381844
114.102 0.3916394156046006
114.316 0.3916394156046006
117.533 0.5372565825313237
117.739 0.5372565825313237
123.246 0.6220513796384396
123.382 0.6220513796384396
125.484 1.214753598645216
125.581 1.214753598645216
126.762 1.2348571428571429
126.838 1.2348571428571429
127.874 1.0393682132280355
127.944 1.0393682132280355
128.957 1.0476349148859108
129.05 1.0476349148859108
131.811 0.6072949039264829
131.943 0.6072949039264829
143.913 0.5630821210699203
144.083 0.5630821210699203
146.214 0.5666558161799904
146.386 0.5666558161799904
148.475 0.5974528233151184
148.582 0.5974528233151184
162.307 0.4073211781206171
162.515 0.4073211781206171
165.367 0.5393176838810642
165.516 0.5393176838810642
168.072 1.3846632124352332
168.134 1.3846632124352332
169.099 1.388841648590022
169.231 1.388841648590022
170.153 0.9599217107647698
170.231 0.9599217107647698
172.99 1.078865519439133
173.156 1.078865519439133
179.432 0.5354644014753549
179.539 0.5354644014753549
