0.0 4.784236842105264
0.01 4.784236842105264
0.314 4.805559845559846
0.41 4.805559845559846
0.669 4.7168
0.709 4.7168
1.304 4.695728301886793
1.413 4.695728301886793
3.003 4.116671140939598
3.109 4.116671140939598
5.046 3.8420047961630694
5.11 3.8420047961630694
6.778 4.09735294117647
6.812 4.09735294117647
8.58 4.575995685005394
8.611 4.575995685005394
10.465 4.820800938141308
10.511 4.820800938141308
13.922 4.583625990491284
14.011 4.583625990491284
17.797 4.497717537506467
17.909 4.497717537506467
21.775 4.226034170854271
21.813 4.226034170854271
25.793 4.402416936488169
25.915 4.402416936488169
29.93 4.820711864406779
30.01 4.820711864406779
33.786 4.820670673076923
33.908 4.820670673076923
37.236 3.99254903779272
37.311 3.99254903779272
41.624 3.9014935037273695
41.904 3.9014935037273695
46.599 5.046277488514548
46.714 5.046277488514548
49.979 5.062926189797663
50.009 5.062926189797663
53.518 4.284537372734045
53.615 4.284537372734045
57.642 3.9693952809535396
57.714 3.9693952809535396
61.825 3.733222984562607
61.913 3.733222984562607
66.577 3.6351090202495397
66.713 3.6351090202495397
71.602 3.7932266295523083
71.713 3.7932266295523083
76.024 3.613782276389176
76.115 3.613782276389176
80.956 3.399646346386758
81.205 3.399646346386758
86.159 3.635186646433991
86.215 3.635186646433991
91.487 3.8648662420382167
91.612 3.8648662420382167
95.694 4.019042598258414
95.809 4.019042598258414
100.058 4.1889958867650625
100.112 4.1889958867650625
104.245 4.491377258235919
104.313 4.491377258235919
108.077 4.433131062951497
108.21 4.433131062951497
112.086 4.4275301843899975
112.211 4.4275301843899975
116.17 4.469603713657464
116.213 4.469603713657464
120.306 4.545124569177745
120.604 4.545124569177745
124.666 4.687505875922383
124.712 4.687505875922383
128.371 4.8648235666772255
128.411 4.8648235666772255
131.568 4.715821026626407
131.61 4.715821026626407
135.253 4.685962119132583
135.312 4.685962119132583
138.955 4.646538565629228
139.011 4.646538565629228
142.706 4.126205479452055
142.811 4.126205479452055
146.899 3.9584525481313704
147.015 3.9584525481313704
151.43 4.291057633973711
151.513 4.291057633973711
155.469 4.7039788023317435
155.706 4.7039788023317435
159.48 4.600703653585927
159.512 4.600703653585927
163.207 4.444126607319486
163.316 4.444126607319486
167.36 4.214106903035186
167.414 4.214106903035186
171.137 4.320826065162907
171.212 4.320826065162907
175.202 4.324760180995475
175.314 4.324760180995475
