0.0 1.693140861466822
0.024 1.693140861466822
0.883 1.7073251028806584
0.925 1.7073251028806584
1.654 1.7134088820826954
1.725 1.7134088820826954
2.378 1.7127493112947658
2.431 1.7127493112947658
3.157 2.9034285714285715
3.234 2.9034285714285715
4.368 3.5901759103641457
4.413 3.5901759103641457
6.198 4.0904121964991536
6.31 4.0904121964991536
8.081 2.498938438880707
8.116 2.498938438880707
11.511 4.124948004836759
11.612 4.124948004836759
13.266 4.719501767745444
13.308 4.719501767745444
16.985 3.287611268670826
17.113 3.287611268670826
22.402 3.9640857883572944
22.515 3.9640857883572944
26.758 4.4433645047762695
26.811 4.4433645047762695
30.789 4.139869911303162
30.909 4.139869911303162
35.306 3.946664698646986
35.41 3.946664698646986
39.475 4.324425916624812
39.507 4.324425916624812
43.489 2.043908948895336
43.608 2.043908948895336
52.57 1.2704214665741382
52.822 1.2704214665741382
65.791 3.8007041847041845
65.912 3.8007041847041845
67.991 3.795603492552645
68.111 3.795603492552645
70.058 3.9299349862258954
70.112 3.9299349862258954
71.927 4.2811473389355745
72.009 4.2811473389355745
73.794 4.469830985915493
73.91 4.469830985915493
77.886 4.596008993816751
78.008 4.596008993816751
81.566 4.781175184476633
81.609 4.781175184476633
85.268 6.146659854014599
85.305 6.146659854014599
88.045 6.6039641626464505
88.298 6.6039641626464505
91.2 4.490857956162824
91.304 4.490857956162824
94.817 3.7664119982355535
94.911 3.7664119982355535
99.445 3.886222222222222
99.511 3.886222222222222
103.966 5.09971161387632
104.008 5.09971161387632
107.323 4.622764595103578
107.408 4.622764595103578
111.125 4.253480223246784
111.211 4.253480223246784
115.332 3.9140111253744116
115.411 3.9140111253744116
120.085 4.483316172899466
120.213 4.483316172899466
124.331 5.386804020100502
124.599 5.386804020100502
127.783 5.150317907444668
127.907 5.150317907444668
130.889 5.113016666666667
131.007 5.113016666666667
134.367 4.808721126760563
134.407 4.808721126760563
137.957 4.368692111959287
138.01 4.368692111959287
141.94 3.4438399346672113
142.009 3.4438399346672113
146.907 3.473085850556439
147.013 3.473085850556439
152.045 4.590433747971877
152.113 4.590433747971877
155.811 5.58967758186398
155.906 5.58967758186398
159.082 5.092750149790294
159.4 5.092750149790294
162.738 4.628392480041205
162.809 4.628392480041205
166.692 4.439479343520091
166.81 4.439479343520091
170.344 4.2028512920526575
170.41 4.2028512920526575
174.512 3.6831290944123314
174.612 3.6831290944123314
