0.0 2.565093474426808
0.019 2.565093474426808
0.586 2.6093081761006287
0.619 2.6093081761006287
1.096 2.57208275862069
1.214 2.57208275862069
1.649 2.6013723849372385
1.714 2.6013723849372385
2.192 2.5386794014645018
2.319 2.5386794014645018
5.46 2.5390110935023773
5.515 2.5390110935023773
8.039 2.5507464788732395
8.114 2.5507464788732395
10.954 2.609626576438019
11.016 2.609626576438019
14.267 2.681864779874214
14.315 2.681864779874214
16.859 2.7767200911507786
16.92 2.7767200911507786
19.553 3.085167008617152
19.614 3.085167008617152
22.051 3.704908632004038
22.111 3.704908632004038
24.092 3.4235336044935116
24.216 3.4235336044935116
29.379 3.2166474642162926
29.412 3.2166474642162926
35.071 3.0396347101174688
35.116 3.0396347101174688
40.394 2.870934311437146
40.513 2.870934311437146
46.511 2.929864363403711
46.618 2.929864363403711
52.87 2.973441879983214
52.917 2.973441879983214
55.3 3.003293044469783
55.418 3.003293044469783
58.049 3.1621908429610612
58.115 3.1621908429610612
60.452 3.1631184035476716
60.511 3.1631184035476716
62.766 3.165637116818558
62.813 3.165637116818558
65.227 2.687095072866065
65.312 2.687095072866065
68.194 2.630304005147177
68.315 2.630304005147177
74.532 2.677019127773527
74.616 2.677019127773527
81.151 2.7732336571710854
81.218 2.7732336571710854
87.291 2.693942086027551
87.412 2.693942086027551
94.526 2.50540107393639
94.617 2.50540107393639
97.038 2.5031791572853006
97.117 2.5031791572853006
100.226 2.4626145110410094
100.314 2.4626145110410094
103.484 2.429566063977747
103.517 2.429566063977747
106.393 2.427089637635092
106.517 2.427089637635092
109.663 2.6262967359050444
109.72 2.6262967359050444
112.416 2.7173989501312334
112.516 2.7173989501312334
115.564 2.7162303110522834
115.618 2.7162303110522834
118.64 2.6093766413268833
118.906 2.6093766413268833
121.8 2.5769756959787893
121.914 2.5769756959787893
124.177 2.5820825309491062
124.217 2.5820825309491062
127.125 2.6290488245931285
127.216 2.6290488245931285
129.981 2.682744504504505
130.015 2.682744504504505
132.79 2.6868544600938966
132.914 2.6868544600938966
135.47 2.78067907716786
135.513 2.78067907716786
141.798 2.8889421375085096
141.915 2.8889421375085096
147.791 2.972675150703282
147.912 2.972675150703282
153.884 2.9009556313993174
154.016 2.9009556313993174
159.876 3.1568677323028282
159.917 3.1568677323028282
165.61 3.263806948200541
165.716 3.263806948200541
170.523 3.0741968616262483
170.612 3.0741968616262483
176.22 2.516845292955892
176.316 2.516845292955892
