0.0 1.6232232142857141
0.027 1.6232232142857141
0.923 1.6376842105263159
1.021 1.6376842105263159
1.781 1.6333664233576641
1.826 1.6333664233576641
2.511 1.6361263157894737
2.624 1.6361263157894737
3.384 1.6242683229813666
3.52 1.6242683229813666
4.325 1.6129822784810126
4.43 1.6129822784810126
6.01 1.6019725785050862
6.13 1.6019725785050862
10.652 1.59952790346908
10.725 1.59952790346908
16.029 1.985063718359034
16.117 1.985063718359034
19.554 2.080564598747866
19.619 2.080564598747866
23.133 1.7420185356811861
23.22 1.7420185356811861
27.536 1.7342684310018903
27.62 1.7342684310018903
31.852 1.565689954526664
31.921 1.565689954526664
36.759 1.498036495031617
36.83 1.498036495031617
42.365 1.8396439966414777
42.618 1.8396439966414777
46.191 1.8417356608478803
46.319 1.8417356608478803
50.329 1.7930888012984
50.426 1.7930888012984
54.739 1.6071018371512815
54.827 1.6071018371512815
59.236 1.44533821108469
59.323 1.44533821108469
64.79 1.3492861055322258
64.924 1.3492861055322258
70.401 1.6285004566210046
70.552 1.6285004566210046
74.932 2.1286484679665736
75.026 2.1286484679665736
78.616 2.115325867249385
78.717 2.115325867249385
82.378 2.1013822115384615
82.61 2.1013822115384615
85.938 1.6049615728328865
86.02 1.6049615728328865
90.496 1.4715695431472082
90.635 1.4715695431472082
95.56 2.0081119141991137
95.624 2.0081119141991137
99.913 1.6737240618101545
100.018 1.6737240618101545
103.642 2.0517753756920643
103.722 2.0517753756920643
107.515 1.6886195111399525
107.626 1.6886195111399525
112.249 1.8229668666840595
112.322 1.8229668666840595
116.155 1.9649058157488422
116.222 1.9649058157488422
120.108 1.7909636803874092
120.227 1.7909636803874092
121.879 2.0513639751552795
121.919 2.0513639751552795
123.529 2.0837826415094343
123.623 2.0837826415094343
126.273 1.969623369848722
126.328 1.969623369848722
130.162 1.8715327342747112
130.216 1.8715327342747112
133.332 1.9038275862068965
133.427 1.9038275862068965
137.371 1.3057876773845878
137.421 1.3057876773845878
142.988 2.0935365579302587
143.143 2.0935365579302587
146.699 2.169857819905213
146.816 2.169857819905213
149.981 1.9893352741387675
150.028 1.9893352741387675
154.15 2.1991439205955334
154.224 2.1991439205955334
157.448 2.1973423575860123
157.703 2.1973423575860123
161.249 2.1752061241848595
161.32 2.1752061241848595
164.847 2.2647771692130294
164.917 2.2647771692130294
168.386 2.118533630857507
168.524 2.118533630857507
171.661 2.1694841396988145
171.724 2.1694841396988145
174.845 2.2737541528239205
174.918 2.2737541528239205
