0.0 3.797409921671018
0.011 3.797409921671018
0.394 3.817914110429448
0.513 3.817914110429448
0.839 3.8186211604095566
0.912 3.8186211604095566
1.205 3.7531779141104296
1.315 3.7531779141104296
2.13 3.7348908665105385
2.216 3.7348908665105385
4.351 3.7410764740221834
4.413 3.7410764740221834
6.126 3.743731266149871
6.212 3.743731266149871
8.147 3.7341091549295773
8.212 3.7341091549295773
10.484 3.723675724637681
10.513 3.723675724637681
14.929 3.7311563104708667
15.012 3.7311563104708667
19.663 3.7482595386936843
19.713 3.7482595386936843
24.352 3.764461951656222
24.412 3.764461951656222
28.88 3.928807290509002
28.912 3.928807290509002
33.411 2.957434281072299
33.512 2.957434281072299
39.667 2.59682615733247
39.719 2.59682615733247
45.897 3.360629195940671
46.013 3.360629195940671
51.137 2.8081422658286064
51.406 2.8081422658286064
57.929 2.8081653319555673
58.017 2.8081653319555673
61.888 2.8129811320754716
62.018 2.8129811320754716
64.827 2.814181264280274
64.914 2.814181264280274
67.54 2.2179203980099502
67.615 2.2179203980099502
70.831 3.3010142548596115
70.916 3.3010142548596115
73.231 3.3109055151774265
73.313 3.3109055151774265
75.652 3.424779627815867
75.719 3.424779627815867
77.761 3.6429046653144015
77.809 3.6429046653144015
79.781 4.037593314763232
79.809 4.037593314763232
81.604 3.556066061106524
81.903 3.556066061106524
84.325 2.1693762517882687
84.422 2.1693762517882687
87.218 2.5709890981169474
87.321 2.5709890981169474
90.348 4.085027734170591
90.412 4.085027734170591
92.323 3.9360987194412105
92.409 3.9360987194412105
96.704 3.4867727272727276
96.811 3.4867727272727276
101.739 3.927535738292628
101.811 3.927535738292628
106.274 3.6391661030435647
106.311 3.6391661030435647
111.338 3.730510406142655
111.413 3.730510406142655
116.362 3.9675188526486234
116.415 3.9675188526486234
120.738 3.9726456285566476
120.812 3.9726456285566476
124.678 3.9312897025171623
124.71 3.9312897025171623
129.08 3.9552734012974975
129.402 3.9552734012974975
133.718 3.9002635165833714
133.812 3.9002635165833714
138.214 3.865244729605866
138.313 3.865244729605866
142.677 3.789368603642671
142.709 3.789368603642671
147.321 3.777352914997775
147.412 3.777352914997775
151.906 3.950337338673787
152.013 3.950337338673787
156.507 3.950639089007669
156.611 3.950639089007669
160.914 3.950768960211035
161.013 3.950768960211035
165.562 2.698042992261393
165.614 2.698042992261393
171.429 2.398455203116305
171.709 2.398455203116305
178.897 2.5251571994715984
179.016 2.5251571994715984
