0.0 3.313002277904328
0.013 3.313002277904328
0.452 3.3190399999999998
0.511 3.3190399999999998
0.886 3.2747911318553093
0.919 3.2747911318553093
1.776 3.365060506050605
1.813 3.365060506050605
2.722 4.372494023904383
2.81 4.372494023904383
3.563 3.9219485924112605
3.611 3.9219485924112605
5.245 3.2868058076225046
5.314 3.2868058076225046
7.518 3.380951467060343
7.61 3.380951467060343
13.029 3.937680076628353
13.111 3.937680076628353
17.287 4.341658243682762
17.41 4.341658243682762
21.407 4.444830265848671
21.507 4.444830265848671
25.419 4.8028600799543115
25.508 4.8028600799543115
29.01 3.6947541806020068
29.11 3.6947541806020068
33.894 4.204899052899052
34.011 4.204899052899052
38.34 5.07856663501108
38.409 5.07856663501108
41.568 6.363586104951959
41.799 6.363586104951959
44.505 6.687664110989413
44.603 6.687664110989413
47.342 6.969583756345178
47.405 6.969583756345178
49.769 7.5438675159235675
49.805 7.5438675159235675
52.16 7.789540406320541
52.206 7.789540406320541
54.421 7.8377444764649375
54.503 7.8377444764649375
56.585 7.790493064876958
56.703 7.790493064876958
58.938 7.829096035242291
59.004 7.829096035242291
61.274 7.820468675274988
61.304 7.820468675274988
63.395 7.676314172882843
63.698 7.676314172882843
65.977 7.686831583751711
66.004 7.686831583751711
68.195 7.755849453662485
68.304 7.755849453662485
70.775 7.825587301587301
70.803 7.825587301587301
72.819 7.8406391184573
72.903 7.8406391184573
75.081 7.583495400788436
75.105 7.583495400788436
77.388 6.224427098674521
77.503 6.224427098674521
80.219 6.048157690953889
80.305 6.048157690953889
83.146 6.109652143604043
83.21 6.109652143604043
86.079 6.800776208178439
86.3 6.800776208178439
88.99 7.084534151957022
89.104 7.084534151957022
91.71 7.2217195789473685
91.804 7.2217195789473685
94.179 7.303018544935806
94.205 7.303018544935806
96.308 6.412742067935796
96.407 6.412742067935796
99.086 5.983512092534174
99.208 5.983512092534174
102.061 5.816043360433604
102.105 5.816043360433604
105.057 3.8520045672527976
105.106 3.8520045672527976
109.485 4.4424422979156075
109.608 4.4424422979156075
113.542 4.991303734195825
113.799 4.991303734195825
117.2 5.6790838131797825
117.307 5.6790838131797825
120.433 6.95280163599182
120.506 6.95280163599182
122.951 6.152703868538172
123.006 6.152703868538172
125.927 5.575380241648898
126.006 5.575380241648898
128.82 5.579319093851132
128.906 5.579319093851132
131.996 6.042815595363541
132.106 6.042815595363541
