0.0 1.2160602006688963
0.036 1.2160602006688963
1.232 1.2310979228486647
1.342 1.2310979228486647
2.353 1.2281624588364435
2.432 1.2281624588364435
3.343 1.2299268051434225
3.433 1.2299268051434225
4.444 1.2219962616822428
4.534 1.2219962616822428
5.604 1.2036934635612322
5.743 1.2036934635612322
11.067 1.174849172883555
11.136 1.174849172883555
17.302 1.2602341057635176
17.43 1.2602341057635176
24.162 1.2908779443254819
24.244 1.2908779443254819
25.178 1.2955064027939462
25.244 1.2955064027939462
26.103 1.2923917995444192
26.245 1.2923917995444192
27.123 1.252461433447099
27.247 1.252461433447099
33.107 1.2215462022254475
33.248 1.2215462022254475
39.449 1.1999467438494935
39.713 1.1999467438494935
46.623 1.2791612903225806
46.744 1.2791612903225806
48.852 1.2881303841676368
48.937 1.2881303841676368
49.796 1.2943314543404736
49.937 1.2943314543404736
50.824 1.252113801024916
50.937 1.252113801024916
56.596 1.1984929470650691
56.735 1.1984929470650691
63.328 1.2122769028871392
63.438 1.2122769028871392
69.534 1.249401296198984
69.637 1.249401296198984
75.346 1.2415675060926075
75.44 1.2415675060926075
81.595 1.2744567541302236
81.736 1.2744567541302236
82.765 1.2834871794871794
83.012 1.2834871794871794
83.87 1.2692237837837839
83.937 1.2692237837837839
84.862 1.255206611570248
84.938 1.255206611570248
87.358 1.258311045437754
87.453 1.258311045437754
90.16 1.2529593059285271
90.236 1.2529593059285271
95.077 1.230416442687747
95.141 1.230416442687747
101.466 1.2456499122387106
101.532 1.2456499122387106
107.799 1.2466426404995539
107.941 1.2466426404995539
113.546 1.2383988020963312
113.648 1.2383988020963312
117.655 1.200898236092266
117.734 1.200898236092266
123.63 1.2214469842206166
123.739 1.2214469842206166
130.52 1.2336424452133794
130.635 1.2336424452133794
133.236 1.278033966033966
133.333 1.278033966033966
134.334 1.2871393643031785
134.44 1.2871393643031785
135.258 1.25217316017316
135.335 1.25217316017316
137.645 1.257945137157107
137.731 1.257945137157107
140.137 1.2427196819085486
140.233 1.2427196819085486
142.748 1.2327409800753903
142.836 1.2327409800753903
148.407 1.2157212750185322
148.532 1.2157212750185322
155.277 1.3225219175526954
155.331 1.3225219175526954
160.692 1.2589717240264986
160.833 1.2589717240264986
167.022 1.2402120918202393
167.137 1.2402120918202393
173.323 1.249445292620865
173.437 1.249445292620865
179.725 1.2957078916372202
179.837 1.2957078916372202
180.686 1.2889360544217687
180.837 1.2889360544217687
181.572 1.2867621776504297
181.638 1.2867621776504297
