0.0 2.3842754098360657
0.02 2.3842754098360657
0.63 2.416776699029126
0.725 2.416776699029126
1.24 2.400978540772532
1.316 2.400978540772532
1.782 1.9555285489785228
1.823 1.9555285489785228
5.641 1.9840736501617318
5.727 1.9840736501617318
9.746 1.9724419821483534
9.82 1.9724419821483534
13.069 2.0568199886428165
13.119 2.0568199886428165
16.641 1.8170691796958662
16.724 1.8170691796958662
21.393 1.8439632432432431
21.522 1.8439632432432431
25.222 2.0308622222222223
25.318 2.0308622222222223
28.918 1.6903219424460432
29.019 1.6903219424460432
33.467 2.026345665378244
33.71 2.026345665378244
37.332 1.8899221556886228
37.419 1.8899221556886228
41.427 2.274796159122085
41.52 2.274796159122085
45.165 1.9638625634896922
45.215 1.9638625634896922
48.562 1.9537989417989419
48.62 1.9537989417989419
52.4 2.0453827029886273
52.521 2.0453827029886273
56.302 2.092031886625332
56.422 2.092031886625332
59.809 2.175568281938326
59.922 2.175568281938326
63.554 2.2407640994542146
63.617 2.2407640994542146
66.915 2.106565859421146
67.207 2.106565859421146
70.593 1.9499484562388363
70.719 1.9499484562388363
74.638 1.9178325903912827
74.724 1.9178325903912827
78.762 1.8967724437211826
78.823 1.8967724437211826
82.51 1.9877719977863861
82.624 1.9877719977863861
86.238 1.919862251655629
86.321 1.919862251655629
90.096 1.8682845986984817
90.226 1.8682845986984817
94.836 1.7735602339181287
94.921 1.7735602339181287
98.341 1.6611278548559232
98.426 1.6611278548559232
103.111 2.1818021240916714
103.412 2.1818021240916714
106.99 1.5663375924680565
107.138 1.5663375924680565
111.599 2.249079234167894
111.718 2.249079234167894
115.113 1.865743346508564
115.23 1.865743346508564
119.025 2.297540083217753
119.118 2.297540083217753
122.723 2.4085821596244132
122.815 2.4085821596244132
126.223 2.477538057742782
126.317 2.477538057742782
129.365 2.3988877005347593
129.415 2.3988877005347593
131.846 1.7353122255604343
131.928 1.7353122255604343
136.255 2.031671324762437
136.511 2.031671324762437
140.089 1.8210900195694717
140.215 1.8210900195694717
144.303 1.783329005453129
144.425 1.783329005453129
148.276 1.8964014801110083
148.322 1.8964014801110083
152.646 2.472982211370771
152.716 2.472982211370771
155.583 2.468877059569075
155.615 2.468877059569075
158.771 2.45502464
158.817 2.45502464
161.942 2.1424903190619036
162.018 2.1424903190619036
165.685 2.0859510357815445
165.723 2.0859510357815445
168.909 2.0511844895486213
169.213 2.0511844895486213
172.514 2.073939393939394
172.621 2.073939393939394
