0.0 2.469283531409168
0.019 2.469283531409168
0.608 2.5043058350100607
0.721 2.5043058350100607
1.218 2.475345132743363
1.32 2.475345132743363
1.772 2.45099358974359
1.825 2.45099358974359
3.073 2.4570805970149254
3.121 2.4570805970149254
4.461 2.44225
4.519 2.44225
7.143 2.4448599392507595
7.22 2.4448599392507595
10.183 3.444537555826228
10.318 3.444537555826228
12.781 4.421687621516527
12.907 4.421687621516527
14.45 4.29307339988256
14.51 4.29307339988256
16.213 3.950062698773285
16.308 3.950062698773285
20.71 3.8772743199631168
20.813 3.8772743199631168
25.151 4.154101997649824
25.213 4.154101997649824
29.468 3.69979837398374
29.514 3.69979837398374
34.434 3.3250138860103626
34.512 3.3250138860103626
39.337 3.645187129551228
39.415 3.645187129551228
44.139 4.442763036623817
44.211 4.442763036623817
48.334 4.377283740701381
48.416 4.377283740701381
52.18 4.544847275518036
52.5 4.544847275518036
56.409 4.865716864072194
56.512 4.865716864072194
60.058 4.758875473899096
60.11 4.758875473899096
63.539 4.198638051603568
63.61 4.198638051603568
67.757 4.375196454948301
67.812 4.375196454948301
71.874 4.4838497395119274
71.912 4.4838497395119274
75.559 4.5677075718015665
75.612 4.5677075718015665
79.442 4.505577314071696
79.511 4.505577314071696
83.249 4.473553688141924
83.312 4.473553688141924
87.596 4.64011294117647
87.899 4.64011294117647
91.299 4.56479871692061
91.407 4.56479871692061
95.148 4.463294663573086
95.21 4.463294663573086
99.089 4.509347559349159
99.209 4.509347559349159
102.958 4.53013867650936
103.014 4.53013867650936
106.807 4.568306489444879
106.911 4.568306489444879
110.748 4.602286289308177
110.812 4.602286289308177
114.787 4.724231320368475
114.909 4.724231320368475
118.817 4.81110350631136
118.91 4.81110350631136
122.475 4.7800336134453785
122.7 4.7800336134453785
125.913 4.743162893429044
126.013 4.743162893429044
129.635 4.744569205113952
129.711 4.744569205113952
133.309 4.744117159436309
133.414 4.744117159436309
137.033 4.681634193727449
137.111 4.681634193727449
140.714 4.517076247092271
140.814 4.517076247092271
144.683 4.402340248962656
144.812 4.402340248962656
148.668 4.2582911969297195
148.711 4.2582911969297195
152.88 4.374575398867731
153.015 4.374575398867731
156.901 4.164051899907322
157.2 4.164051899907322
161.516 4.123290407358739
161.612 4.123290407358739
165.417 4.353559595959596
165.51 4.353559595959596
169.47 4.595057692307693
169.511 4.595057692307693
