0.0 1.500937048503612
0.028 1.500937048503612
0.997 1.514160583941606
1.135 1.514160583941606
1.957 1.5078921832884098
2.03 1.5078921832884098
2.772 1.4577444314185228
2.836 1.4577444314185228
3.689 1.3677154811715482
3.831 1.3677154811715482
4.787 1.383557003257329
4.841 1.383557003257329
6.683 1.6819410262363594
6.742 1.6819410262363594
11.049 1.3624371286333707
11.13 1.3624371286333707
17.357 2.0323693774203155
17.426 2.0323693774203155
20.783 3.9055042735042735
20.81 3.9055042735042735
22.682 1.491480261852807
22.744 1.491480261852807
27.785 2.116327566320646
27.821 2.116327566320646
31.289 1.437890660592255
31.416 1.437890660592255
36.684 1.3517495924356049
36.745 1.3517495924356049
42.879 2.4710706766917294
43.115 2.4710706766917294
45.775 3.1520956039265897
45.81 3.1520956039265897
48.153 2.9051810668670175
48.214 2.9051810668670175
50.876 3.0941973799126634
50.914 3.0941973799126634
53.204 2.860848660391021
53.31 2.860848660391021
56.072 1.4712402946446348
56.112 1.4712402946446348
61.135 1.5319656357388316
61.25 1.5319656357388316
65.906 1.8217472283813747
66.03 1.8217472283813747
68.736 1.8178892018779342
68.827 1.8178892018779342
73.087 1.3978412952228665
73.415 1.3978412952228665
78.418 1.5422516101331043
78.537 1.5422516101331043
83.195 1.7569648484848486
83.322 1.7569648484848486
87.447 1.5292599431818183
87.531 1.5292599431818183
93.163 1.6033772138514408
93.227 1.6033772138514408
97.01 1.2039579207920792
97.135 1.2039579207920792
103.599 1.332620006828269
103.74 1.332620006828269
109.598 1.8220161668839634
109.731 1.8220161668839634
113.566 1.363633965375103
113.635 1.363633965375103
117.274 1.695521072796935
117.512 1.695521072796935
121.688 1.7728236301369864
121.825 1.7728236301369864
126.497 2.772100401606426
126.62 2.772100401606426
128.612 1.4950576123539894
128.729 1.4950576123539894
133.78 1.4930097286226318
133.835 1.4930097286226318
137.741 2.3619679144385026
137.828 2.3619679144385026
141.007 1.950448081566944
141.11 1.950448081566944
144.837 1.5522552126772309
144.939 1.5522552126772309
149.735 2.276300961219755
149.817 2.276300961219755
152.834 2.752614971466935
153.107 2.752614971466935
156.086 2.841699398797595
156.119 2.841699398797595
158.614 1.3641064425770308
158.713 1.3641064425770308
164.425 2.274518825970946
164.53 2.274518825970946
167.903 1.6215711042311662
168.012 1.6215711042311662
172.857 1.6029522431259045
172.929 1.6029522431259045
177.075 1.3453129346314328
177.125 1.3453129346314328
182.158 1.1317741554453107
182.24 1.1317741554453107
