0.0 4.896996632996633
0.009 4.896996632996633
0.306 4.82012084592145
0.41 4.82012084592145
1.072 4.830457831325301
1.113 4.830457831325301
1.694 4.810701030927834
1.816 4.810701030927834
3.368 2.7458650137741047
3.408 2.7458650137741047
6.312 2.63181273100616
6.417 2.63181273100616
8.852 2.7223299511461856
8.917 2.7223299511461856
11.578 2.4163759612645968
11.616 2.4163759612645968
15.127 2.5591387846961737
15.214 2.5591387846961737
17.88 2.548310909724643
17.921 2.548310909724643
20.79 2.6483099682986966
20.919 2.6483099682986966
23.758 2.5980261946902656
24.005 2.5980261946902656
26.83 2.4991118442758165
26.92 2.4991118442758165
29.951 2.5481352181929933
30.02 2.5481352181929933
33.274 2.554624174115818
33.318 2.554624174115818
35.891 2.547554329078993
36.017 2.547554329078993
38.916 2.514989268292683
39.019 2.514989268292683
42.094 2.5144471256210075
42.221 2.5144471256210075
45.039 2.5407279742765274
45.119 2.5407279742765274
48.229 2.782394578313253
48.317 2.782394578313253
50.973 2.7061665008291875
51.021 2.7061665008291875
57.051 2.3887710248319385
57.121 2.3887710248319385
64.41 2.479013530478449
64.523 2.479013530478449
71.692 2.512306037793824
71.817 2.512306037793824
78.326 2.5268406612733028
78.421 2.5268406612733028
81.264 2.49054295532646
81.318 2.49054295532646
84.228 2.3328255687973996
84.319 2.3328255687973996
88.011 2.3347097767513474
88.121 2.3347097767513474
90.719 2.3938431251922485
90.819 2.3938431251922485
94.07 2.849083211678832
94.118 2.849083211678832
96.858 2.853177623519804
96.916 2.853177623519804
99.365 2.6688654316672493
99.417 2.6688654316672493
102.278 2.3696439089692105
102.509 2.3696439089692105
105.497 2.3671426121749075
105.623 2.3671426121749075
109.122 2.3168072255151
109.22 2.3168072255151
112.763 2.2515014907573043
112.825 2.2515014907573043
116.179 2.249882716049383
116.321 2.249882716049383
118.913 2.2267781731909846
119.023 2.2267781731909846
122.395 2.1305158264947246
122.523 2.1305158264947246
125.935 2.205812148148148
126.023 2.205812148148148
129.398 2.496401308615049
129.522 2.496401308615049
132.273 3.2232861635220122
132.505 3.2232861635220122
135.049 2.466641092705609
135.115 2.466641092705609
141.997 2.49828539262595
142.122 2.49828539262595
149.228 2.5117612293144207
149.323 2.5117612293144207
156.091 2.523809577306558
156.22 2.523809577306558
163.341 2.534181876918107
163.423 2.534181876918107
169.614 2.410865053838624
169.723 2.410865053838624
176.874 2.449650576676634
176.924 2.449650576676634
