0.0 2.6064659498207883
0.015 2.6064659498207883
0.573 2.6258227848101265
0.618 2.6258227848101265
1.092 2.5724069660861595
1.222 2.5724069660861595
2.313 2.5661409395973154
2.415 2.5661409395973154
3.607 2.576281690140845
3.714 2.576281690140845
4.992 2.5045246690734055
5.121 2.5045246690734055
6.783 2.6265844815083392
6.821 2.6265844815083392
9.579 2.682230793550427
9.613 2.682230793550427
12.776 2.6988386075949364
12.814 2.6988386075949364
15.342 2.742349587396849
15.412 2.742349587396849
18.078 2.7460014609203798
18.11 2.7460014609203798
20.848 2.7022916053019146
20.913 2.7022916053019146
23.629 2.696620861516554
23.711 2.696620861516554
26.52 2.7528658698539177
26.613 2.7528658698539177
29.625 2.7116534653465347
29.907 2.7116534653465347
32.331 2.7072434017595306
32.414 2.7072434017595306
35.142 2.703691808118081
35.215 2.703691808118081
41.99 2.7005566300606456
42.113 2.7005566300606456
48.214 2.7123370992366413
48.316 2.7123370992366413
54.866 2.694227357901312
54.914 2.694227357901312
61.318 2.687447957839262
61.416 2.687447957839262
67.488 2.689073667953668
67.615 2.689073667953668
74.09 2.659412087912088
74.22 2.659412087912088
77.132 2.7211673151750975
77.403 2.7211673151750975
79.973 2.6245184357541897
80.019 2.6245184357541897
81.809 2.6287558940877767
81.919 2.6287558940877767
84.676 2.723843137254902
84.714 2.723843137254902
87.876 2.7595887170154687
87.917 2.7595887170154687
90.115 2.6798842975206614
90.218 2.6798842975206614
93.122 2.610865551839465
93.216 2.610865551839465
96.206 2.5908164627363734
96.314 2.5908164627363734
99.011 2.5796027027027026
99.116 2.5796027027027026
102.076 2.587900584795322
102.308 2.587900584795322
105.044 2.646208306709265
105.115 2.646208306709265
108.245 2.647032570138665
108.314 2.647032570138665
111.415 2.6487323746054017
111.512 2.6487323746054017
114.363 2.6470610134436403
114.419 2.6470610134436403
120.221 2.6647643865363735
120.316 2.6647643865363735
126.763 2.6925804416403785
126.816 2.6925804416403785
133.156 2.411370786516854
133.216 2.411370786516854
140.336 2.304676595163274
140.419 2.304676595163274
147.738 2.311172491544532
148.007 2.311172491544532
151.555 1.9971943661971832
151.624 1.9971943661971832
155.174 2.5809128850612786
155.22 2.5809128850612786
158.239 2.671292479108635
158.313 2.671292479108635
161.185 2.409233977307574
161.219 2.409233977307574
164.48 2.371820128479657
164.518 2.371820128479657
167.32 2.371614711033275
167.419 2.371614711033275
170.274 2.3740336967294353
170.318 2.3740336967294353
