0.0 5.157475177304965
0.008 5.157475177304965
0.29 5.073004769475357
0.409 5.073004769475357
1.038 5.06587725631769
1.108 5.06587725631769
1.662 5.081129568106312
1.713 5.081129568106312
2.315 5.0628520634920635
2.412 5.0628520634920635
3.987 5.051382113821138
4.109 5.051382113821138
7.184 4.931508571428571
7.311 4.931508571428571
10.811 2.997607329842932
10.919 2.997607329842932
17.031 3.7958799630655586
17.113 3.7958799630655586
21.445 3.325720199310081
21.509 3.325720199310081
26.727 2.96473589087809
26.815 2.96473589087809
32.68 5.20977206512425
32.813 5.20977206512425
35.147 4.647831711806469
35.209 4.647831711806469
39.012 3.7851960906633395
39.299 3.7851960906633395
44.108 5.11907849393746
44.211 5.11907849393746
47.345 4.981158229678912
47.41 4.981158229678912
50.867 4.912178063824082
50.912 4.912178063824082
54.641 4.69939988590987
54.711 4.69939988590987
58.217 4.698706162390902
58.31 4.698706162390902
62.091 4.612090884790163
62.212 4.612090884790163
65.953 4.485482133040132
66.01 4.485482133040132
69.648 4.1764816502758455
69.71 4.1764816502758455
73.879 5.096658445655291
74.2 5.096658445655291
77.687 5.768112874779541
77.808 5.768112874779541
80.643 5.788987425545996
80.712 5.788987425545996
83.734 5.773688035653068
83.809 5.773688035653068
86.726 4.878997963340122
86.809 4.878997963340122
90.737 4.994106995884774
90.813 4.994106995884774
93.972 5.146748643761302
94.009 5.146748643761302
97.327 5.235294829150287
97.41 5.235294829150287
100.717 5.420180827188201
100.807 5.420180827188201
103.926 5.420446687697161
104.2 5.420446687697161
107.37 4.847508849557522
107.411 4.847508849557522
111.027 4.806644245927483
111.11 4.806644245927483
114.916 4.8041363518084825
115.01 4.8041363518084825
118.853 4.474715366553613
118.908 4.474715366553613
122.741 3.9532169884169885
122.81 3.9532169884169885
126.695 3.774107205623902
126.812 3.774107205623902
131.364 3.8104821428571425
131.413 3.8104821428571425
135.893 3.837496647295485
136.01 3.837496647295485
140.484 4.70514030683403
140.8 4.70514030683403
144.385 4.19807062214749
144.512 4.19807062214749
148.675 4.5231612043698375
148.809 4.5231612043698375
152.562 4.945074094707521
152.606 4.945074094707521
156.196 4.324497583312135
156.314 4.324497583312135
160.245 4.60939933316235
160.31 4.60939933316235
164.209 4.762938676381299
164.311 4.762938676381299
167.605 5.195930078360458
167.71 5.195930078360458
171.028 5.201480272108844
171.11 5.201480272108844
