0.0 0.809353366722315
0.055 0.809353366722315
1.852 0.8150884086444008
1.964 0.8150884086444008
3.491 0.8072554112554112
3.656 0.8072554112554112
5.042 0.8143130320890636
5.162 0.8143130320890636
6.689 0.8387017318794099
6.854 0.8387017318794099
8.413 0.9914739941118744
8.546 0.9914739941118744
9.565 1.0185714285714285
9.648 1.0185714285714285
10.852 0.8540405372405372
10.967 0.8540405372405372
15.062 0.8253888216791677
15.163 0.8253888216791677
23.429 0.3895262380888472
23.563 0.3895262380888472
31.014 0.349790382244143
31.29 0.349790382244143
34.534 0.46231828275351594
34.83 0.46231828275351594
37.532 0.4269482071713147
37.793 0.4269482071713147
40.805 0.7758403451995685
40.973 0.7758403451995685
42.827 0.4698504966021955
43.03 0.4698504966021955
48.769 0.775405746320953
48.869 0.775405746320953
50.296 0.8410783882783883
50.457 0.8410783882783883
51.822 0.2941000732243105
52.011 0.2941000732243105
56.108 0.32953225404732256
56.368 0.32953225404732256
60.383 0.7137732742241925
60.469 0.7137732742241925
62.048 0.36987390836224426
62.156 0.36987390836224426
70.515 0.27481410535481066
70.779 0.27481410535481066
75.373 0.4789685902118334
75.587 0.4789685902118334
78.325 0.3193828306264501
78.471 0.3193828306264501
81.919 0.5783408866995073
82.222 0.5783408866995073
84.252 0.46276660572821454
84.364 0.46276660572821454
90.928 0.7307976829006652
91.08 0.7307976829006652
95.741 0.6909401709401709
95.868 0.6909401709401709
97.155 0.3247463002114165
97.358 0.3247463002114165
101.142 0.9227801857585138
101.432 0.9227801857585138
102.724 0.5871179487179488
102.856 0.5871179487179488
105.001 0.5174625949264824
105.304 0.5174625949264824
111.493 0.4362536125036862
111.681 0.4362536125036862
118.463 0.4436722192369694
118.576 0.4436722192369694
126.02 0.7194704112337011
126.198 0.7194704112337011
128.192 0.786301167793485
128.362 0.786301167793485
129.989 0.9528325791855203
130.156 0.9528325791855203
131.261 0.9521132323897301
131.351 0.9521132323897301
134.389 0.31912863770560945
134.648 0.31912863770560945
144.132 0.4087679832592205
144.491 0.4087679832592205
152.137 0.827793006993007
152.243 0.827793006993007
153.673 0.5989158186864015
153.793 0.5989158186864015
155.955 0.6952004787552364
156.082 0.6952004787552364
157.753 0.7628644161593802
157.877 0.7628644161593802
159.684 0.8893552521593758
159.751 0.8893552521593758
163.34 0.9404274626865672
163.459 0.9404274626865672
166.809 0.4868033987694111
166.948 0.4868033987694111
180.6 1.0078382978723404
180.743 1.0078382978723404
181.683 0.37658700209643603
181.926 0.37658700209643603
