0.0 3.6634962216624687
0.012 3.6634962216624687
0.409 3.5946294117647057
0.518 3.5946294117647057
1.878 4.340029666254635
1.917 4.340029666254635
3.535 4.3257288528389335
3.607 4.3257288528389335
5.333 5.933029761904762
5.406 5.933029761904762
6.75 4.786007468259895
6.807 4.786007468259895
8.146 4.791084656084656
8.207 4.791084656084656
9.719 4.8479405714285715
9.807 4.8479405714285715
11.557 4.699557587882252
11.612 4.699557587882252
15.111 4.292260202819688
15.212 4.292260202819688
19.255 3.7702029488291413
19.318 3.7702029488291413
23.93 4.273276422764227
24.009 4.273276422764227
27.945 5.1653138515488015
28.01 5.1653138515488015
31.432 7.600420876826723
31.507 7.600420876826723
33.902 5.7154228713929465
34.006 5.7154228713929465
36.813 5.437279444269024
36.911 5.437279444269024
40.078 7.283304970178927
40.396 7.283304970178927
42.911 7.4755426497277675
43.007 7.4755426497277675
45.211 5.1855831873905425
45.307 5.1855831873905425
48.733 4.9381316542644536
48.81 4.9381316542644536
52.304 4.690481172750791
52.41 4.690481172750791
55.889 4.261319627998042
56.013 4.261319627998042
60.099 4.140738117427772
60.209 4.140738117427772
64.501 4.339861995753716
64.609 4.339861995753716
68.377 4.28362389813908
68.413 4.28362389813908
72.497 4.732185445349817
72.801 4.732185445349817
76.36 5.144886979865771
76.409 5.144886979865771
80.134 5.512363382250174
80.208 5.512363382250174
83.07 5.185822046765867
83.109 5.185822046765867
86.402 5.114658788774003
86.507 5.114658788774003
89.892 4.976609949955843
90.008 4.976609949955843
93.405 4.628991379310345
93.512 4.628991379310345
97.224 4.025859439595774
97.315 4.025859439595774
101.669 4.575809904952476
101.708 4.575809904952476
105.706 4.908879553310291
105.999 4.908879553310291
109.76 4.486420088935391
109.808 4.486420088935391
113.631 4.568187983343248
113.712 4.568187983343248
117.074 4.959508083140878
117.107 4.959508083140878
120.571 4.990049693072201
120.612 4.990049693072201
124.033 4.5637852206273255
124.111 4.5637852206273255
127.873 4.538048964218456
127.913 4.538048964218456
131.63 4.561881493082746
131.713 4.561881493082746
135.544 4.609129513983166
135.612 4.609129513983166
139.295 4.650986638721509
139.6 4.650986638721509
143.417 4.8157507082152975
143.512 4.8157507082152975
147.042 5.078284261090704
147.113 5.078284261090704
150.652 5.561545551222971
150.71 5.561545551222971
153.531 4.094062218000475
153.611 4.094062218000475
157.822 4.344418181818181
157.911 4.344418181818181
