0.0 3.3981495327102804
0.012 3.3981495327102804
0.44 3.400655737704918
0.511 3.400655737704918
0.877 3.4111463414634144
0.912 3.4111463414634144
1.24 3.3539912280701754
1.314 3.3539912280701754
2.226 3.3480717948717946
2.316 3.3480717948717946
3.876 2.5976749087961086
3.914 2.5976749087961086
6.381 2.3535152696556207
6.415 2.3535152696556207
9.493 2.355329261521377
9.616 2.355329261521377
13.218 2.473772298767223
13.319 2.473772298767223
16.077 2.608313949339993
16.116 2.608313949339993
18.919 2.365068260459264
19.014 2.365068260459264
22.193 1.8302802992518703
22.323 1.8302802992518703
26.333 2.1810561474229773
26.42 2.1810561474229773
29.893 2.6049739239710967
30.204 2.6049739239710967
33.387 2.9877490909090905
33.512 2.9877490909090905
35.712 3.814752066115702
35.808 3.814752066115702
37.744 4.156458361697299
37.813 4.156458361697299
42.22 4.3086025104602514
42.309 4.3086025104602514
46.133 2.3502854874983465
46.21 2.3502854874983465
53.769 2.4832803684513527
53.82 2.4832803684513527
60.768 2.4446717602996255
60.816 2.4446717602996255
67.491 2.190708605938601
67.62 2.190708605938601
75.568 2.094727616986746
75.808 2.094727616986746
79.505 2.0950868783702816
79.623 2.0950868783702816
82.961 2.3850624169986716
83.017 2.3850624169986716
86.029 2.729747645951036
86.116 2.729747645951036
88.771 2.6673248683803035
88.812 2.6673248683803035
92.041 2.8133469387755103
92.12 2.8133469387755103
94.276 4.416790011350738
94.31 4.416790011350738
96.072 4.412938383267383
96.108 4.412938383267383
97.877 3.6795323854660347
97.91 3.6795323854660347
99.809 3.182592331913317
99.916 3.182592331913317
105.315 3.18238779956427
105.415 3.18238779956427
110.923 2.0569021812457837
111.015 2.0569021812457837
119.909 2.1994769560557343
120.017 2.1994769560557343
123.749 1.6243355560335555
123.828 1.6243355560335555
128.477 1.8763500643500644
128.526 1.8763500643500644
131.634 2.4442369791666665
131.714 2.4442369791666665
134.786 2.5214429413805064
134.814 2.5214429413805064
137.697 2.535632152588556
137.818 2.535632152588556
140.754 2.073550724637681
140.826 2.073550724637681
144.138 2.8985648639095087
144.21 2.8985648639095087
147.039 2.898626328699918
147.306 2.898626328699918
149.752 3.2547101086048458
149.813 3.2547101086048458
152.207 3.9916503642039545
152.308 3.9916503642039545
154.23 2.6133558237603607
154.32 2.6133558237603607
161.197 2.608332502078138
161.315 2.608332502078138
167.33 2.0048954529596466
167.416 2.0048954529596466
176.015 2.8630214677983026
176.111 2.8630214677983026
