0.0 4.559272727272727
0.01 4.559272727272727
0.329 4.575882352941177
0.41 4.575882352941177
0.682 4.497589743589743
0.714 4.497589743589743
1.338 4.234944980147476
1.413 4.234944980147476
3.176 4.77198803111909
3.21 4.77198803111909
4.881 4.674299051787017
4.905 4.674299051787017
6.276 3.828816067653277
6.312 3.828816067653277
8.204 3.8774661791590495
8.312 3.8774661791590495
10.5 3.547735059331176
10.612 3.547735059331176
15.247 3.9820119320789353
15.311 3.9820119320789353
19.669 4.05602425938885
19.714 4.05602425938885
24.001 5.4344478190630054
24.105 5.4344478190630054
27.2 6.215085794655415
27.306 6.215085794655415
30.15 6.489485918003565
30.206 6.489485918003565
33.011 5.263514435695538
33.108 5.263514435695538
36.156 5.282166871165644
36.207 5.282166871165644
39.467 4.756559854583226
39.699 4.756559854583226
43.55 3.884955435038906
43.613 3.884955435038906
47.854 4.918551495016612
47.908 4.918551495016612
51.52 4.254952404438964
51.611 4.254952404438964
55.666 3.1859008199921903
55.71 3.1859008199921903
60.832 3.4040570869990225
60.914 3.4040570869990225
66.029 3.4216495956873314
66.112 3.4216495956873314
71.306 3.3447739824094906
71.415 3.3447739824094906
76.304 3.637829070492826
76.411 3.637829070492826
81.22 5.0697916917519565
81.501 5.0697916917519565
84.823 4.80077755511022
84.908 4.80077755511022
88.9 4.648315851502652
89.01 4.648315851502652
92.404 5.3616678178963895
92.507 5.3616678178963895
95.692 4.101663113006397
95.812 4.101663113006397
100.033 5.348163239481177
100.106 5.348163239481177
103.267 5.005189630061171
103.309 5.005189630061171
106.742 5.340826325411334
106.806 5.340826325411334
110.088 4.705269547325103
110.209 4.705269547325103
114.097 3.9712402667240267
114.4 3.9712402667240267
119.049 4.965716270990157
119.111 4.965716270990157
122.565 5.707264214046822
122.606 5.707264214046822
125.297 4.344900354071826
125.409 4.344900354071826
129.363 4.990049693072201
129.41 4.990049693072201
132.831 4.379836734693877
132.909 4.379836734693877
136.829 3.952185567010309
136.909 3.952185567010309
141.177 4.375705558337506
141.214 4.375705558337506
145.208 5.2653300248138954
145.307 5.2653300248138954
148.531 4.70647295864263
148.803 4.70647295864263
152.575 3.5356905158069885
152.609 3.5356905158069885
157.417 4.507661901178832
157.514 4.507661901178832
161.501 4.059280724450194
161.609 4.059280724450194
165.474 4.554847027741084
165.511 4.554847027741084
169.296 4.303663789868668
169.411 4.303663789868668
