0.0 1.3669248120300752
0.035 1.3669248120300752
1.099 1.3768141592920353
1.232 1.3768141592920353
2.136 1.3762066420664207
2.233 1.3762066420664207
3.046 1.3785543237250555
3.136 1.3785543237250555
4.038 1.3662863113897596
4.136 1.3662863113897596
5.093 1.3764468664850136
5.235 1.3764468664850136
5.969 1.3484959046909903
6.04 1.3484959046909903
11.412 1.3466501587301587
11.534 1.3466501587301587
17.834 1.3454277262867285
17.938 1.3454277262867285
23.009 1.3290499909107434
23.133 1.3290499909107434
28.634 1.4098166135383463
28.732 1.4098166135383463
34.065 0.9886077586206896
34.13 0.9886077586206896
41.554 1.5272779097387175
41.631 1.5272779097387175
42.473 1.5221248677248678
42.528 1.5221248677248678
43.473 1.5432617079889808
43.528 1.5432617079889808
44.254 1.5148459152016547
44.348 1.5148459152016547
46.282 1.4941242236024845
46.333 1.4941242236024845
48.265 1.4829870238593552
48.332 1.4829870238593552
53.11 1.4651704060819581
53.231 1.4651704060819581
58.624 1.3045083848190646
58.737 1.3045083848190646
64.402 1.216791538723985
64.542 1.216791538723985
70.404 1.3578265813788202
70.532 1.3578265813788202
76.16 1.180519512195122
76.236 1.180519512195122
82.796 1.0475434391851408
82.941 1.0475434391851408
89.617 0.9931783373577096
89.752 0.9931783373577096
92.651 0.9795549822637859
92.747 0.9795549822637859
95.848 0.9892644459551326
95.946 0.9892644459551326
97.417 1.0367372841810545
97.553 1.0367372841810545
99.696 1.3270410367170624
99.835 1.3270410367170624
100.761 1.3051177189409369
100.835 1.3051177189409369
103.29 1.3103539094650205
103.438 1.3103539094650205
105.625 0.8975695309744917
105.734 0.8975695309744917
114.241 1.1217515842839036
114.367 1.1217515842839036
120.679 1.3667709570957094
120.734 1.3667709570957094
126.794 1.3312435939020433
126.93 1.3312435939020433
133.096 1.349693655049151
133.237 1.349693655049151
138.832 1.5193073593073594
138.927 1.5193073593073594
139.62 1.5239447004608293
139.733 1.5239447004608293
140.384 1.4147904261529483
140.44 1.4147904261529483
143.866 1.3328102345415778
143.937 1.3328102345415778
146.282 1.3321098795180724
146.336 1.3321098795180724
148.411 1.4831436837029894
148.533 1.4831436837029894
150.607 1.4522818517001228
150.736 1.4522818517001228
155.618 1.3725164699665315
155.738 1.3725164699665315
161.415 1.4847981420553513
161.534 1.4847981420553513
166.701 1.2943182866556837
166.835 1.2943182866556837
172.905 1.3880628930817611
173.033 1.3880628930817611
174.941 1.6249004079673626
175.029 1.6249004079673626
179.196 1.3533333333333333
179.326 1.3533333333333333
