0.0 1.986896174863388
0.023 1.986896174863388
0.755 2.0107269789983846
0.822 2.0107269789983846
1.441 2.0051182795698925
1.522 2.0051182795698925
2.08 1.9696329684481648
2.129 1.9696329684481648
3.682 1.9715497005988025
3.719 1.9715497005988025
5.389 2.4292888551933283
5.534 2.4292888551933283
8.172 2.7819201228878647
8.21 2.7819201228878647
10.814 5.655930666666667
10.908 5.655930666666667
12.408 3.4009828335056875
12.507 3.4009828335056875
17.342 3.6487821698906644
17.409 3.6487821698906644
22.165 3.0737450945730953
22.212 3.0737450945730953
27.869 1.933511438096333
27.916 1.933511438096333
36.615 4.5034530321046375
36.714 4.5034530321046375
38.396 3.5510201284796574
38.705 3.5510201284796574
41.04 3.764632302405498
41.109 3.764632302405498
42.855 3.4302647468648395
42.915 3.4302647468648395
45.068 3.737840502658289
45.113 3.737840502658289
47.182 3.7669920255183413
47.209 3.7669920255183413
49.09 3.2295597164151975
49.214 3.2295597164151975
54.715 3.0970798779393287
54.815 3.0970798779393287
60.386 3.5160922215039863
60.517 3.5160922215039863
65.158 3.0784568599717113
65.213 3.0784568599717113
70.869 3.6628293487221764
70.914 3.6628293487221764
75.766 3.1919968768299825
75.811 3.1919968768299825
80.934 3.089231855906763
81.013 3.089231855906763
86.676 3.4811591566763127
86.71 3.4811591566763127
91.548 3.955563261093911
91.805 3.955563261093911
96.65 7.18087573964497
96.71 7.18087573964497
98.907 6.849944645006016
99.009 6.849944645006016
101.502 5.588482892188509
101.608 5.588482892188509
104.706 4.262618255168936
104.814 4.262618255168936
108.78 5.622649214659686
108.908 5.622649214659686
111.964 5.259103510351035
112.009 5.259103510351035
115.342 3.4252177494851153
115.413 3.4252177494851153
120.754 3.6880335597283262
120.81 3.6880335597283262
125.816 2.8256316309719933
126.103 2.8256316309719933
132.173 3.204976627712855
132.219 3.204976627712855
137.011 2.788012982797793
137.111 2.788012982797793
143.273 4.424573421154592
143.313 4.424573421154592
145.894 2.3830396927016646
146.018 2.3830396927016646
149.142 2.65876887340302
149.216 2.65876887340302
151.799 5.476644610458911
151.912 5.476644610458911
152.849 4.07461002548853
152.908 4.07461002548853
154.085 2.254564814814815
154.12 2.254564814814815
157.576 3.285632548179872
157.616 3.285632548179872
159.951 8.586351912568306
160.008 8.586351912568306
160.923 2.711097287022637
161.007 2.711097287022637
166.794 3.68220760358821
166.923 3.68220760358821
171.605 2.7477872544321995
171.724 2.7477872544321995
