0.0 1.0249527836504582
0.041 1.0249527836504582
1.46 1.0346134663341646
1.543 1.0346134663341646
2.746 1.0605270142180094
2.841 1.0605270142180094
3.896 1.0700998278829603
4.045 1.0700998278829603
5.207 1.0595915721231768
5.345 1.0595915721231768
6.579 1.0579183246073298
6.649 1.0579183246073298
7.604 1.2642886597938146
7.742 1.2642886597938146
8.712 1.3734654362959366
8.845 1.3734654362959366
15.022 1.2776524344569289
15.131 1.2776524344569289
20.471 0.9159488849912302
20.553 0.9159488849912302
28.535 1.7795389349112427
28.637 1.7795389349112427
32.862 1.8426874215415516
32.923 1.8426874215415516
36.906 1.5427307535641548
37.027 1.5427307535641548
41.937 1.9078766682006443
42.025 1.9078766682006443
46.371 1.3964410452517526
46.436 1.3964410452517526
51.143 1.3306954954954957
51.414 1.3306954954954957
56.964 1.1073298969072165
57.048 1.1073298969072165
64.032 1.0441317157712307
64.15 1.0441317157712307
65.304 1.0417889763779529
65.444 1.0417889763779529
66.714 1.0484167441860466
66.843 1.0484167441860466
67.918 1.0424059339177343
68.058 1.0424059339177343
71.024 1.4451301059001511
71.153 1.4451301059001511
76.441 1.7305492737430168
76.528 1.7305492737430168
81.003 1.9705269089884476
81.124 1.9705269089884476
84.673 2.2812981899015563
84.91 2.2812981899015563
88.059 2.036953344575604
88.124 2.036953344575604
91.682 1.8764252723311547
91.82 1.8764252723311547
96.41 1.5514649681528663
96.528 1.5514649681528663
99.04 1.3720176211453745
99.157 1.3720176211453745
102.789 2.1702774534334166
102.927 2.1702774534334166
106.524 1.860834087882823
106.629 1.860834087882823
110.384 2.2854307093684523
110.524 2.2854307093684523
113.865 2.4306543082732577
113.92 2.4306543082732577
116.833 2.3691739130434786
117.106 2.3691739130434786
120.602 1.892655752824533
120.726 1.892655752824533
125.063 1.8178950409244103
125.125 1.8178950409244103
129.279 1.7586537997587455
129.325 1.7586537997587455
132.641 1.6256107382550335
132.728 1.6256107382550335
137.347 1.2807117688513037
137.433 1.2807117688513037
143.109 1.325608262108262
143.242 1.325608262108262
148.858 1.9894553881807648
148.929 1.9894553881807648
152.381 2.2577202643171805
152.419 2.2577202643171805
156.051 2.4894803370786516
156.306 2.4894803370786516
159.154 2.5086207340631037
159.217 2.5086207340631037
162.323 2.5387001985440105
162.42 2.5387001985440105
165.442 1.509706379707917
165.515 1.509706379707917
170.719 1.4319844861021331
170.832 1.4319844861021331
175.473 2.5454736842105263
175.521 2.5454736842105263
178.181 2.1170128148475476
178.221 2.1170128148475476
