0.0 3.8073507853403146
0.01 3.8073507853403146
0.392 3.817914110429448
0.513 3.817914110429448
0.839 3.8581241379310347
0.912 3.8581241379310347
1.202 3.7763456790123455
1.31 3.7763456790123455
2.12 3.1985527476935416
2.212 3.1985527476935416
4.705 2.357786607799853
4.815 2.357786607799853
7.533 1.910873120548668
7.619 1.910873120548668
11.41 2.0482607436021243
11.52 2.0482607436021243
15.662 2.3230044262853253
15.715 2.3230044262853253
18.652 1.746560917343526
18.719 1.746560917343526
22.905 2.039205858421481
23.022 2.039205858421481
26.709 1.8618528665651954
26.823 1.8618528665651954
30.765 1.6406341780376867
31.012 1.6406341780376867
35.629 1.918027295859357
35.729 1.918027295859357
40.052 2.1210222652468538
40.121 2.1210222652468538
43.22 2.246155717761557
43.316 2.246155717761557
46.604 1.7301100671140939
46.727 1.7301100671140939
51.197 1.8159179907739622
51.327 1.8159179907739622
55.229 1.7377752364196173
55.324 1.7377752364196173
59.871 1.603393360815795
59.928 1.603393360815795
64.537 1.9409066666666668
64.625 1.9409066666666668
68.3 1.6398815450643776
68.609 1.6398815450643776
73.269 1.7201705908485116
73.331 1.7201705908485116
77.833 1.4551394090719934
77.934 1.4551394090719934
82.74 2.0690691244239634
82.82 2.0690691244239634
86.292 2.1166705607476635
86.421 2.1166705607476635
89.845 2.2707070920116004
89.917 2.2707070920116004
93.71 2.8503646616541354
93.811 2.8503646616541354
95.939 2.1444982088729674
96.018 2.1444982088729674
99.647 2.015097573567372
99.729 2.015097573567372
103.603 1.968845308537616
103.91 1.968845308537616
107.459 1.9414248665141112
107.524 1.9414248665141112
111.457 1.9131305052688463
111.525 1.9131305052688463
115.226 1.8409939986663704
115.325 1.8409939986663704
119.824 1.7012327461139896
119.918 1.7012327461139896
124.743 1.7714135585268591
124.832 1.7714135585268591
129.095 2.1037864357864358
129.224 2.1037864357864358
131.996 2.4813932584269662
132.117 2.4813932584269662
135.143 2.2095197568389056
135.214 2.2095197568389056
138.504 1.9741755502519225
138.808 1.9741755502519225
142.579 2.0494180841539835
142.619 2.0494180841539835
145.97 2.1750769230769227
146.018 2.1750769230769227
149.788 1.9208994852343537
149.921 1.9208994852343537
153.612 1.8770840761262346
153.725 1.8770840761262346
157.876 1.8994681851943551
157.922 1.8994681851943551
161.961 2.492548223350254
162.017 2.492548223350254
165.169 3.01535390199637
165.215 3.01535390199637
167.419 4.177026526835287
167.51 4.177026526835287
169.131 2.220018535681186
169.402 2.220018535681186
