0.0 3.8273894736842102
0.013 3.8273894736842102
0.393 3.865341614906832
0.513 3.865341614906832
0.835 3.7874439946018894
0.914 3.7874439946018894
1.655 3.790384138785626
1.711 3.790384138785626
2.518 4.494829604130809
2.613 4.494829604130809
3.775 5.815303085299456
3.809 5.815303085299456
4.911 4.966987050359712
5.008 4.966987050359712
8.483 5.140677890011223
8.605 5.140677890011223
12.169 5.326774214447684
12.208 5.326774214447684
15.295 4.3899843157095875
15.409 4.3899843157095875
19.362 4.238950755728912
19.409 4.238950755728912
23.511 5.358272061165976
23.604 5.358272061165976
26.743 5.041558471192242
26.807 5.041558471192242
30.313 4.768930573749017
30.406 4.768930573749017
34.223 5.057752837326608
34.499 5.057752837326608
37.671 5.24516113310996
37.713 5.24516113310996
40.996 4.926711135018827
41.111 4.926711135018827
44.829 4.0581517241379315
44.91 4.0581517241379315
48.97 5.1659808083745276
49.007 5.1659808083745276
52.446 5.220524054462935
52.512 5.220524054462935
55.817 5.064613283674737
55.909 5.064613283674737
59.131 5.029391103408434
59.21 5.029391103408434
62.672 4.662132214060861
62.709 4.662132214060861
66.521 5.342241097680497
66.802 5.342241097680497
69.863 5.610750481077614
69.905 5.610750481077614
73.023 5.223898263027295
73.109 5.223898263027295
76.333 5.244856048166392
76.408 5.244856048166392
80.062 5.436383184011027
80.106 5.436383184011027
83.008 5.419521421770866
83.107 5.419521421770866
86.258 5.348507877664504
86.308 5.348507877664504
89.545 5.3111982406534715
89.606 5.3111982406534715
92.789 5.290275862068966
92.906 5.290275862068966
96.154 5.355512373968836
96.401 5.355512373968836
99.674 5.377450911228689
99.71 5.377450911228689
103.112 5.436482921083628
103.208 5.436482921083628
106.604 5.364899593368783
106.706 5.364899593368783
109.903 5.075428949107733
110.009 5.075428949107733
113.035 4.3904257602862256
113.107 4.3904257602862256
117.02 4.819582156973461
117.112 4.819582156973461
120.654 3.7642973032229774
120.712 3.7642973032229774
125.273 2.987060031875332
125.318 2.987060031875332
130.965 5.155329793510325
131.198 5.155329793510325
134.588 5.387313233894003
134.71 5.387313233894003
137.861 5.32158752997602
137.907 5.32158752997602
141.243 5.2711937984496124
141.309 5.2711937984496124
144.534 5.264220269478617
144.611 5.264220269478617
148.025 4.5968707881629065
148.111 4.5968707881629065
151.524 4.893583877377235
151.606 4.893583877377235
155.129 4.737407682775713
155.208 4.737407682775713
