0.0 1.403868725868726
0.034 1.403868725868726
1.07 1.4143636363636363
1.13 1.4143636363636363
2.01 1.409138539042821
2.131 1.409138539042821
2.925 1.4130181818181817
3.028 1.4130181818181817
3.908 1.4044425349087002
4.029 1.4044425349087002
4.96 1.3949162561576354
5.038 1.3949162561576354
6.865 1.5127324133288456
6.943 1.5127324133288456
9.914 1.683646755308593
10.026 1.683646755308593
15.065 1.8494616427216046
15.129 1.8494616427216046
18.818 1.65409592760181
18.934 1.65409592760181
23.354 1.5294043938161108
23.416 1.5294043938161108
28.332 1.976683005655804
28.417 1.976683005655804
32.13 2.4892566546171544
32.226 2.4892566546171544
35.269 1.705044622660909
35.314 1.705044622660909
40.177 1.8422219730941705
40.219 1.8422219730941705
43.787 1.7659875657580106
44.107 1.7659875657580106
48.289 1.933881470367592
48.43 1.933881470367592
52.429 1.839489096573209
52.526 1.839489096573209
56.378 2.102624800425758
56.422 2.102624800425758
60.18 2.4519044459190447
60.221 2.4519044459190447
63.235 1.7096912751677853
63.316 1.7096912751677853
67.488 1.6061050861706598
67.633 1.6061050861706598
72.391 1.7031466901253574
72.516 1.7031466901253574
77.063 1.8423076923076924
77.131 1.8423076923076924
80.927 1.6780677411819667
81.214 1.6780677411819667
85.495 1.8849102730819245
85.62 1.8849102730819245
89.465 1.9433194945848375
89.528 1.9433194945848375
93.96 1.8225889423076924
94.027 1.8225889423076924
97.355 1.7014394403148227
97.423 1.7014394403148227
101.997 1.906346275946276
102.116 1.906346275946276
106.211 2.0365584377732437
106.332 2.0365584377732437
109.763 1.811965828191742
109.83 1.811965828191742
114.044 1.5993892026202845
114.119 1.5993892026202845
118.546 1.6618443017656501
118.805 1.6618443017656501
123.789 1.9474372479240805
123.938 1.9474372479240805
128.153 1.9573706583722135
128.231 1.9573706583722135
132.089 1.6666750500142897
132.215 1.6666750500142897
135.714 2.2169164452317687
135.83 2.2169164452317687
139.217 1.813250187079072
139.325 1.813250187079072
143.334 1.4150572134575174
143.421 1.4150572134575174
148.682 2.062961850405527
148.737 2.062961850405527
152.066 1.692125464300454
152.127 1.692125464300454
156.973 1.8952258754343758
157.208 1.8952258754343758
160.949 2.428100966033032
161.033 2.428100966033032
164.242 1.7887507577523898
164.316 1.7887507577523898
168.605 1.9804668515250818
168.722 1.9804668515250818
172.689 2.1273495518565944
172.827 2.1273495518565944
175.951 1.6362880618656357
176.018 1.6362880618656357
180.156 2.473309241094476
180.23 2.473309241094476
