0.0 4.0288310249307475
0.013 4.0288310249307475
0.374 4.002057877813505
0.41 4.002057877813505
0.721 4.024661870503597
0.812 4.024661870503597
1.09 3.9571021992238036
1.21 3.9571021992238036
1.983 3.943616221562809
2.111 3.943616221562809
4.133 3.943670153846154
4.21 3.943670153846154
5.835 3.8313607103218645
5.91 3.8313607103218645
10.415 3.4997852913085
10.511 3.4997852913085
15.746 3.243983428684159
15.813 3.243983428684159
20.882 3.4853601124723843
21.011 3.4853601124723843
25.99 3.4575812288725394
26.112 3.4575812288725394
31.141 3.433976316864026
31.211 3.433976316864026
36.109 3.442198971877835
36.215 3.442198971877835
39.522 3.434810273405137
39.614 3.434810273405137
42.028 3.4558611987381704
42.109 3.4558611987381704
44.011 3.462428504453821
44.11 3.462428504453821
46.243 3.464870967741936
46.31 3.464870967741936
48.542 3.436329776915616
48.61 3.436329776915616
50.672 3.4191536131544784
50.709 3.4191536131544784
53.02 3.411837488457987
53.11 3.411837488457987
55.276 3.449145067698259
55.311 3.449145067698259
57.379 3.444461325420376
57.411 3.444461325420376
62.466 3.415730924466654
62.513 3.415730924466654
67.716 3.4217618748692193
67.813 3.4217618748692193
72.592 3.4195308835027363
72.713 3.4195308835027363
77.829 3.422444218654745
77.911 3.422444218654745
82.832 3.4186057795219407
82.911 3.4186057795219407
88.517 3.4244375949641848
88.614 3.4244375949641848
93.221 3.3088378221274946
93.311 3.3088378221274946
98.472 3.2180520446096654
98.703 3.2180520446096654
104.083 3.4042577527184856
104.216 3.4042577527184856
109.182 3.4153877956668652
109.314 3.4153877956668652
114.345 3.3825920494017754
114.412 3.3825920494017754
119.594 3.3934498237803745
119.712 3.3934498237803745
125.103 3.414495840266223
125.218 3.414495840266223
127.622 3.4108112014453478
127.711 3.4108112014453478
129.925 3.390520930232558
130.011 3.390520930232558
131.731 3.3838197386210003
131.811 3.3838197386210003
134.03 3.3810790697674418
134.113 3.3810790697674418
136.263 3.3823789186733304
136.31 3.3823789186733304
138.511 3.3981197427016325
138.612 3.3981197427016325
140.633 3.4195329441201
140.712 3.4195329441201
143.11 3.417641232132072
143.213 3.417641232132072
148.18 3.4324856921887084
148.312 3.4324856921887084
153.484 3.434262626262626
153.614 3.434262626262626
158.564 3.4330559694364853
158.614 3.4330559694364853
163.849 3.3754561101549054
163.914 3.3754561101549054
168.562 3.335286515767073
168.615 3.335286515767073
173.784 3.40132384341637
173.915 3.40132384341637
