0.0 2.2796363636363637
0.021 2.2796363636363637
0.659 2.3048888888888888
0.718 2.3048888888888888
1.258 2.2974455852156055
1.322 2.2974455852156055
1.809 2.257446494464945
1.922 2.257446494464945
3.277 2.245899045020464
3.318 2.245899045020464
4.784 2.47049498843485
4.821 2.47049498843485
7.415 2.732599019238023
7.516 2.732599019238023
10.167 2.2349567966280297
10.217 2.2349567966280297
14.013 3.3909860834990058
14.112 3.3909860834990058
16.124 3.9562251082251083
16.213 3.9562251082251083
18.061 4.03344374855022
18.107 4.03344374855022
22.418 3.6024022274576994
22.509 3.6024022274576994
27.178 3.454309947234708
27.214 3.454309947234708
32.331 2.9998365194462755
32.41 2.9998365194462755
38.478 3.4025857900318135
38.512 3.4025857900318135
43.227 3.5534180767643417
43.311 3.5534180767643417
48.157 3.9674056746805286
48.214 3.9674056746805286
52.831 4.575422382671481
52.912 4.575422382671481
56.513 4.847423738062756
56.8 4.847423738062756
60.465 4.718028985507246
60.509 4.718028985507246
64.166 2.958336475707034
64.207 2.958336475707034
69.723 2.5496781373553965
69.818 2.5496781373553965
76.647 4.069473462953232
76.712 4.069473462953232
78.615 3.7080593849416754
78.714 3.7080593849416754
80.6 3.5128645476772618
80.708 3.5128645476772618
82.753 3.302323137254902
82.817 3.302323137254902
87.917 4.050021978021978
88.014 4.050021978021978
92.746 4.896456859093731
93.002 4.896456859093731
96.224 4.787471825063078
96.314 4.787471825063078
99.881 3.555055441478439
100.015 3.555055441478439
104.885 3.556067311737484
105.014 3.556067311737484
109.768 3.510279060265577
109.815 3.510279060265577
114.71 3.372828939772946
114.811 3.372828939772946
120.008 2.758119214119214
120.115 2.758119214119214
123.118 2.4532121936640765
123.217 2.4532121936640765
126.563 2.4549856957087126
126.623 2.4549856957087126
129.699 3.834119658119658
129.815 3.834119658119658
131.336 5.302751412429378
131.407 5.302751412429378
132.823 5.204560975609756
132.91 5.204560975609756
136.19 4.728438446708895
136.308 4.728438446708895
139.939 3.5526385846672284
140.016 3.5526385846672284
144.764 3.481388047808765
144.816 3.481388047808765
149.836 4.2143555114200595
149.913 4.2143555114200595
153.941 6.360736653529202
154.015 6.360736653529202
156.806 9.032731137088204
156.907 9.032731137088204
158.789 8.449481899388811
158.905 8.449481899388811
161.032 3.3523760683760684
161.302 3.3523760683760684
165.982 3.1586837669476
166.016 3.1586837669476
171.474 3.160447506200055
171.518 3.160447506200055
