0.0 2.8857301587301585
0.015 2.8857301587301585
0.519 2.90803738317757
0.617 2.90803738317757
1.045 2.8985906735751295
1.112 2.8985906735751295
1.498 2.8984988344988345
1.611 2.8984988344988345
2.04 2.8432538860103627
2.116 2.8432538860103627
3.274 1.9742649414664202
3.315 1.9742649414664202
6.561 1.997826806398235
6.629 1.997826806398235
10.255 2.259961640916356
10.321 2.259961640916356
14.075 2.2296287581699348
14.114 2.2296287581699348
17.174 2.1302750582750583
17.218 2.1302750582750583
20.65 3.8715509783728117
20.709 3.8715509783728117
22.651 2.9217452229299363
22.716 2.9217452229299363
25.228 2.278823104693141
25.313 2.278823104693141
28.637 1.5748588793922127
28.911 1.5748588793922127
34.176 1.385841872232764
34.236 1.385841872232764
38.979 2.1413047260075384
39.032 2.1413047260075384
42.481 2.671361658031088
42.515 2.671361658031088
45.41 3.6225521472392637
45.513 3.6225521472392637
47.469 3.5561044104410438
47.507 3.5561044104410438
49.729 2.1652622326399062
49.816 2.1652622326399062
53.229 2.1667168894289186
53.316 2.1667168894289186
56.608 1.9999602198377389
56.719 1.9999602198377389
60.54 1.7095381898454745
60.815 1.7095381898454745
65.345 2.487869085734614
65.427 2.487869085734614
68.238 3.0765773019271947
68.31 3.0765773019271947
70.645 2.1926634552792605
70.732 2.1926634552792605
78.413 1.2580217933569648
78.526 1.2580217933569648
93.76 2.8450168855534708
93.818 2.8450168855534708
95.95 2.7626496272630456
96.013 2.7626496272630456
98.83 3.2663129707112972
98.91 3.2663129707112972
101.3 2.983532023911187
101.41 2.983532023911187
103.752 2.982665625
104.004 2.982665625
106.564 2.660840285606915
106.617 2.660840285606915
109.278 2.4555683367921732
109.316 2.4555683367921732
112.689 2.461303748125937
112.819 2.461303748125937
116.154 2.179375468975469
116.215 2.179375468975469
119.68 2.1440058823529413
119.718 2.1440058823529413
122.438 2.067941613880474
122.52 2.067941613880474
126.151 1.96255939524838
126.222 1.96255939524838
129.926 1.9601411269088995
130.022 1.9601411269088995
133.82 1.9521318931210916
134.114 1.9521318931210916
137.632 2.2509031018391434
137.718 2.2509031018391434
141.361 1.609543700340522
141.418 1.609543700340522
145.823 1.5953677313677312
145.936 1.5953677313677312
150.82 2.4401882951653944
150.92 2.4401882951653944
154.064 2.3306176208840106
154.114 2.3306176208840106
157.485 2.2057218718884832
157.52 2.2057218718884832
160.533 2.084655172413793
160.618 2.084655172413793
163.866 2.0856769699608186
163.922 2.0856769699608186
