0.0 0.5857462746677407
0.082 0.5857462746677407
2.565 0.7002859189227905
2.711 0.7002859189227905
9.692 1.5294256130790191
9.83 1.5294256130790191
11.665 1.5440888440181728
11.735 1.5440888440181728
13.716 3.1444864539434074
13.814 3.1444864539434074
15.475 2.88799639477242
15.518 2.88799639477242
17.737 3.798699528054536
17.809 3.798699528054536
19.716 2.5662117362371446
19.81 2.5662117362371446
23.116 1.9856414435389989
23.217 1.9856414435389989
26.653 2.5254245250431775
26.715 2.5254245250431775
29.61 5.464063953488372
29.708 5.464063953488372
31.084 5.641371252882398
31.106 5.641371252882398
32.407 4.301424190800682
32.507 4.301424190800682
34.268 3.6983193577163247
34.502 3.6983193577163247
36.744 8.819786695986807
36.806 8.819786695986807
38.625 9.22822293676313
38.703 9.22822293676313
40.569 7.689971452560873
40.604 7.689971452560873
42.986 5.809624823695345
43.105 5.809624823695345
45.941 5.697821680564465
46.007 5.697821680564465
49.125 5.6999775355137094
49.207 5.6999775355137094
52.234 4.984173488087966
52.305 4.984173488087966
55.579 4.242629629629629
55.611 4.242629629629629
59.715 4.2385041736227045
60.001 4.2385041736227045
64.194 3.929968757510214
64.311 3.929968757510214
68.472 7.409707750952986
68.51 7.409707750952986
70.871 7.4389787985865725
70.904 7.4389787985865725
73.168 7.433942591155935
73.204 7.433942591155935
75.782 7.438181989627534
75.907 7.438181989627534
78.028 8.534188905547225
78.106 8.534188905547225
80.107 7.271364972700546
80.202 7.271364972700546
82.583 6.653106650924833
82.706 6.653106650924833
85.247 6.641985311171241
85.498 6.641985311171241
88.085 6.642134141720349
88.207 6.642134141720349
90.846 2.279637133956386
90.906 2.279637133956386
98.931 1.7410690305545076
99.025 1.7410690305545076
109.629 2.701887838689351
109.717 2.701887838689351
116.065 3.5700251046025104
116.118 3.5700251046025104
120.42 3.5672209302325584
120.513 3.5672209302325584
125.329 3.496714461286358
125.412 3.496714461286358
130.294 3.179437037037037
130.411 3.179437037037037
135.811 2.709707309236948
136.104 2.709707309236948
142.329 1.4218996013343097
142.425 1.4218996013343097
154.716 3.2821778808971387
154.813 3.2821778808971387
159.985 2.273670081967213
160.115 2.273670081967213
167.923 4.390392561983471
168.016 4.390392561983471
171.888 4.206940074906367
172.007 4.206940074906367
176.279 6.815430060816682
176.311 6.815430060816682
178.613 8.965208528341135
178.707 8.965208528341135
180.63 7.9980920502092046
180.705 7.9980920502092046
