0.0 2.6158417266187053
0.016 2.6158417266187053
0.572 2.6313742071881605
0.615 2.6313742071881605
1.088 2.586632258064516
1.219 2.586632258064516
2.304 2.5812995780590717
2.415 2.5812995780590717
3.6 2.588433962264151
3.712 2.588433962264151
4.984 2.59242071197411
5.02 2.59242071197411
7.492 2.5534437786394077
7.614 2.5534437786394077
10.451 2.5469516661663163
10.515 2.5469516661663163
13.846 2.5381934523809524
13.913 2.5381934523809524
16.601 2.514999656002752
16.713 2.514999656002752
19.62 2.5997759336099584
19.714 2.5997759336099584
22.606 2.5761404001404005
22.714 2.5761404001404005
25.563 2.5625196211096077
25.614 2.5625196211096077
28.57 2.559935782648966
28.803 2.559935782648966
32.042 2.5556174183514773
32.114 2.5556174183514773
34.686 2.552837884548911
34.816 2.552837884548911
37.709 2.598653225806452
37.813 2.598653225806452
40.789 2.566357116986599
40.916 2.566357116986599
43.677 2.5325846153846157
43.714 2.5325846153846157
46.834 2.5060031953522146
46.917 2.5060031953522146
53.802 2.5346666666666664
53.913 2.5346666666666664
60.351 2.3641211133740665
60.414 2.3641211133740665
67.779 2.499936418624279
67.812 2.499936418624279
74.921 2.5181090237141976
75.013 2.5181090237141976
81.507 2.590626758023801
81.615 2.590626758023801
84.388 2.5902358827734098
84.515 2.5902358827734098
87.313 2.5443994091580504
87.412 2.5443994091580504
90.797 2.4457967741935485
90.917 2.4457967741935485
93.397 2.5499292267365665
93.514 2.5499292267365665
96.566 2.546978140293638
96.619 2.546978140293638
99.684 2.539960741548528
99.715 2.539960741548528
102.466 2.526679020516214
102.516 2.526679020516214
105.538 2.4432353347135956
105.807 2.4432353347135956
108.705 2.453386255924171
108.817 2.453386255924171
112.193 2.4716796145739237
112.316 2.4716796145739237
115.637 2.529827805695142
115.718 2.529827805695142
118.703 2.5521645514223197
118.814 2.5521645514223197
121.099 2.5522420122365737
121.215 2.5522420122365737
124.157 2.5249461618617572
124.216 2.5249461618617572
127.095 2.4915046854083
127.214 2.4915046854083
130.202 2.4685837526959022
130.316 2.4685837526959022
133.098 2.5387228355607205
133.218 2.5387228355607205
140.102 2.566201662887377
140.215 2.566201662887377
146.83 2.524934717678851
146.914 2.524934717678851
153.945 2.5753067717012574
154.018 2.5753067717012574
160.619 2.388312026578073
160.715 2.388312026578073
168.24 2.566952491309386
168.315 2.566952491309386
170.904 2.5445170988350245
171.014 2.5445170988350245
173.675 2.5455897980871414
173.716 2.5455897980871414
