0.0 3.9096989247311824
0.011 3.9096989247311824
0.383 3.926309148264984
0.414 3.926309148264984
0.731 3.9258105263157894
0.812 3.9258105263157894
1.097 3.862171717171717
1.212 3.862171717171717
2.004 3.848925571112749
2.112 3.848925571112749
3.469 3.8443095380923813
3.513 3.8443095380923813
5.18 3.489039822114413
5.213 3.489039822114413
10.16 4.671437021927588
10.21 4.671437021927588
14.132 4.59965090909091
14.208 4.59965090909091
17.783 3.319993877941458
17.907 3.319993877941458
23.134 4.672984681537221
23.21 4.672984681537221
26.931 4.989503411450608
27.006 4.989503411450608
30.377 4.40570887337986
30.408 4.40570887337986
34.42 4.043315859617947
34.515 4.043315859617947
39.017 4.936366769230769
39.3 4.936366769230769
42.55 4.875386183465459
42.607 4.875386183465459
46.139 3.537565083043646
46.21 3.537565083043646
51.388 4.2409513513513515
51.513 4.2409513513513515
55.398 3.9470802043990223
55.511 3.9470802043990223
60.012 4.454901110250452
60.11 4.454901110250452
63.983 4.049177171215881
64.11 4.049177171215881
68.14 4.714798808556728
68.211 4.714798808556728
71.904 5.182866141732283
72.01 5.182866141732283
75.439 4.301052077853761
75.701 4.301052077853761
79.503 4.375767883941972
79.608 4.375767883941972
83.606 3.5750048821906177
83.71 3.5750048821906177
88.421 4.214801847371894
88.511 4.214801847371894
93.058 4.998854245880861
93.111 4.998854245880861
96.267 5.041899025686448
96.308 5.041899025686448
99.695 5.11012987012987
99.808 5.11012987012987
103.196 4.221109612983771
103.308 4.221109612983771
107.313 3.542118326118326
107.416 3.542118326118326
112.267 4.926529510961214
112.499 4.926529510961214
116.057 5.115796420581655
116.109 5.115796420581655
119.685 4.607510856001996
119.808 4.607510856001996
123.815 4.14790423216445
123.908 4.14790423216445
128.043 4.746059332509271
128.11 4.746059332509271
131.346 4.808210467394347
131.409 4.808210467394347
134.982 3.007568710359408
135.008 3.007568710359408
140.684 4.913840870062965
140.807 4.913840870062965
144.301 4.517388323513658
144.409 4.517388323513658
148.143 3.5256340528545493
148.401 3.5256340528545493
153.358 4.966478642480983
153.415 4.966478642480983
156.833 4.972777591036414
156.908 4.972777591036414
160.478 4.792669861855089
160.508 4.792669861855089
164.055 4.292344877000239
164.108 4.292344877000239
168.295 3.5648988866166778
168.415 3.5648988866166778
172.816 3.9935362520268702
172.91 3.9935362520268702
177.227 4.751144987572494
177.307 4.751144987572494
