0.0 2.974249488752556
0.015 2.974249488752556
0.504 2.999132530120482
0.626 2.999132530120482
1.041 2.9915935828877003
1.115 2.9915935828877003
1.489 2.8782606013878183
1.618 2.8782606013878183
4.212 3.06692
4.316 3.06692
6.916 3.6936391930835732
7.011 3.6936391930835732
8.746 3.907292340884574
8.809 3.907292340884574
10.663 3.7015253054101223
10.71 3.7015253054101223
13.002 3.247341266063779
13.106 3.247341266063779
15.207 3.718771108850458
15.308 3.718771108850458
17.274 3.7833281114012185
17.314 3.7833281114012185
21.91 3.8183010215664015
22.011 3.8183010215664015
26.416 3.9270615418795822
26.509 3.9270615418795822
31.01 4.225396471680594
31.111 4.225396471680594
35.419 4.440407417658456
35.509 4.440407417658456
39.122 4.3583558592761324
39.209 4.3583558592761324
43.16 4.13581214721156
43.207 4.13581214721156
47.636 4.531379537953795
47.711 4.531379537953795
51.347 4.4604087371328145
51.601 4.4604087371328145
55.584 4.394761079979623
55.71 4.394761079979623
59.636 4.3654852862493305
59.711 4.3654852862493305
63.449 4.2634064642507346
63.509 4.2634064642507346
67.593 4.259838926174497
67.71 4.259838926174497
71.882 4.249636174636175
72.01 4.249636174636175
75.858 4.260672187043351
75.91 4.260672187043351
80.016 4.3362121524201855
80.108 4.3362121524201855
83.992 4.334925130061072
84.109 4.334925130061072
88.53 4.334171428571429
88.8 4.334171428571429
92.44 4.133844589687727
92.51 4.133844589687727
96.641 3.5125015216068167
96.715 3.5125015216068167
101.644 3.568075981426762
101.711 3.568075981426762
106.449 4.1787003891050585
106.512 4.1787003891050585
110.624 4.062246118192352
110.71 4.062246118192352
115.025 2.6773142104492904
115.114 2.6773142104492904
121.947 2.7110566813509545
122.014 2.7110566813509545
128.824 4.093859829059829
128.912 4.093859829059829
130.082 4.092418245614035
130.111 4.092418245614035
131.536 4.085253536452666
131.611 4.085253536452666
133.449 4.040463905325444
133.509 4.040463905325444
137.734 3.999291870486839
137.811 3.999291870486839
142.104 3.6236150375939853
142.211 3.6236150375939853
146.866 3.4080670826833073
146.914 3.4080670826833073
152.042 4.20913067195636
152.11 4.20913067195636
156.143 4.194899810964083
156.21 4.194899810964083
160.442 4.153334962130467
160.509 4.153334962130467
164.602 4.175661710037175
164.71 4.175661710037175
169.014 4.43070319118893
169.302 4.43070319118893
172.843 4.409231713554988
172.909 4.409231713554988
176.819 3.915761010583817
176.912 3.915761010583817
