0.0 4.240256559766763
0.011 4.240256559766763
0.354 4.247918088737201
0.411 4.247918088737201
0.704 4.195061285500747
0.81 4.195061285500747
1.479 4.171065921787709
1.513 4.171065921787709
3.303 4.174864921465969
3.41 4.174864921465969
5.32 4.368414451261077
5.41 4.368414451261077
6.877 4.75620832185175
6.909 4.75620832185175
10.538 4.859781432360743
10.608 4.859781432360743
14.378 4.862138379657008
14.408 4.862138379657008
17.79 4.902149152542372
17.907 4.902149152542372
21.447 4.975157653791131
21.508 4.975157653791131
25.003 4.3949871962372615
25.105 4.3949871962372615
28.932 4.594672212113335
29.009 4.594672212113335
32.856 4.64007341320418
32.908 4.64007341320418
36.831 4.671867210250437
37.1 4.671867210250437
40.534 4.8153982102908275
40.607 4.8153982102908275
44.183 4.802703723125328
44.305 4.802703723125328
48.119 4.602261452513966
48.208 4.602261452513966
51.788 4.478398790017645
51.909 4.478398790017645
55.876 4.857497747747748
55.908 4.857497747747748
59.46 4.789604931024361
59.509 4.789604931024361
62.916 4.718631978319784
63.009 4.718631978319784
66.699 4.7215855472901165
66.81 4.7215855472901165
70.574 4.752281313571636
70.799 4.752281313571636
74.24 3.8406849615806804
74.308 3.8406849615806804
78.863 3.8181473588755384
78.914 3.8181473588755384
83.325 3.4593328519855593
83.409 3.4593328519855593
88.949 2.9280593912397923
89.013 2.9280593912397923
94.401 3.3923146603098924
94.512 3.3923146603098924
99.546 3.4940706357214935
99.613 3.4940706357214935
104.568 4.616478427089023
104.608 4.616478427089023
108.27 4.444598034143818
108.307 4.444598034143818
112.173 4.77748487326247
112.402 4.77748487326247
116.071 4.643169543147208
116.108 4.643169543147208
120.048 4.673998987341773
120.11 4.673998987341773
124.06 4.601981218137913
124.108 4.601981218137913
127.835 4.533131050767414
127.909 4.533131050767414
131.297 4.848923511148744
131.408 4.848923511148744
134.951 4.571762185324049
135.009 4.571762185324049
138.743 4.070403034613561
138.812 4.070403034613561
143.03 4.812532952924394
143.111 4.812532952924394
146.616 4.617323117569352
146.9 4.617323117569352
150.685 3.637331047782301
150.809 3.637331047782301
155.476 3.728016799664007
155.513 3.728016799664007
160.275 3.6923544743701133
160.312 3.6923544743701133
164.916 3.703286214712549
165.011 3.703286214712549
169.864 4.827421538461538
169.908 4.827421538461538
173.158 4.371221095334686
173.212 4.371221095334686
177.156 4.80690025146689
177.208 4.80690025146689
