0.0 4.06259217877095
0.011 4.06259217877095
0.369 4.080786885245901
0.414 4.080786885245901
0.719 4.005800342270394
0.814 4.005800342270394
2.567 4.005476394849786
2.61 4.005476394849786
4.474 4.005018583626319
4.511 4.005018583626319
6.502 4.0077948717948715
6.611 4.0077948717948715
8.21 4.006703539823008
8.31 4.006703539823008
10.118 4.003726285983955
10.211 4.003726285983955
12.33 5.058059673946478
12.414 5.058059673946478
15.665 4.676261924009701
15.707 4.676261924009701
19.418 4.800711209276643
19.508 4.800711209276643
23.13 4.682521158129176
23.209 4.682521158129176
26.801 4.931837053571429
26.909 4.931837053571429
30.493 5.158120714083309
30.609 5.158120714083309
34.138 5.057752837326608
34.208 5.057752837326608
37.38 4.910140861134874
37.408 4.910140861134874
40.915 5.093857619577308
41.2 5.093857619577308
44.796 4.245322339603195
44.908 4.245322339603195
48.789 3.7904433539577553
48.915 3.7904433539577553
53.602 5.042031560490941
53.709 5.042031560490941
57.131 4.95993434650456
57.207 4.95993434650456
60.497 4.933905355624823
60.608 4.933905355624823
64.137 4.855750819672131
64.21 4.855750819672131
67.87 4.928450874020495
67.909 4.928450874020495
71.227 4.998377142857143
71.308 4.998377142857143
74.808 4.548163110991089
75.101 4.548163110991089
78.804 4.435247396436011
78.909 4.435247396436011
83.23 4.27312676056338
83.312 4.27312676056338
87.004 4.397865567859903
87.109 4.397865567859903
90.992 4.655315945146544
91.11 4.655315945146544
94.829 4.702515716272601
94.909 4.702515716272601
98.504 4.845689791314157
98.61 4.845689791314157
102.156 4.85287707641196
102.207 4.85287707641196
105.819 5.00522243502052
105.91 5.00522243502052
109.565 5.0512437756497945
109.8 5.0512437756497945
113.455 4.821924093337082
113.509 4.821924093337082
117.066 4.442652010413654
117.109 4.442652010413654
120.566 4.5329118733509235
120.61 4.5329118733509235
124.4 4.912506474820144
124.508 4.912506474820144
127.983 4.91524763813341
128.01 4.91524763813341
131.503 4.455342842049657
131.609 4.455342842049657
135.395 4.433426686960933
135.51 4.433426686960933
139.452 4.830797951052931
139.51 4.830797951052931
143.024 4.857131600547195
143.3 4.857131600547195
146.955 4.739224979091163
147.01 4.739224979091163
150.597 4.704724607329843
150.711 4.704724607329843
154.531 4.711447447447448
154.609 4.711447447447448
157.939 4.668317357162199
158.01 4.668317357162199
161.703 4.5315148162781504
161.809 4.5315148162781504
