0.0 2.1170422125181947
0.018 2.1170422125181947
0.705 2.1496373056994815
0.824 2.1496373056994815
1.403 2.1475163147792706
1.522 2.1475163147792706
2.043 2.129205479452055
2.122 2.129205479452055
2.706 2.133011419249592
2.825 2.133011419249592
3.438 2.0467786649632704
3.523 2.0467786649632704
6.654 2.1362783839575346
6.735 2.1362783839575346
10.126 3.0063416017009215
10.216 3.0063416017009215
13.038 1.4143167495854063
13.115 1.4143167495854063
17.939 0.92804061944656
18.08 0.92804061944656
25.958 1.3843770944577425
26.049 1.3843770944577425
31.48 2.6727691187181355
31.619 2.6727691187181355
34.365 2.8433963963963964
34.42 2.8433963963963964
37.084 2.209334399147349
37.403 2.209334399147349
41.156 1.5509787635677206
41.225 1.5509787635677206
45.463 1.0790999415546465
45.551 1.0790999415546465
52.395 1.2226378653113088
52.549 1.2226378653113088
54.91 1.0965468577728776
55.038 1.0965468577728776
57.759 1.245708160779537
57.86 1.245708160779537
61.965 1.0766375291375292
62.024 1.0766375291375292
68.888 2.1121800414569143
69.058 2.1121800414569143
72.435 3.022882911392405
72.517 3.022882911392405
75.045 3.8740410205102553
75.306 3.8740410205102553
77.305 3.300330344502124
77.408 3.300330344502124
79.527 1.9692456140350878
79.617 1.9692456140350878
83.265 1.6733964442392057
83.325 1.6733964442392057
87.656 1.3914042003231017
87.734 1.3914042003231017
93.924 1.5324850934815564
94.027 1.5324850934815564
97.985 1.2159974999999998
98.134 1.2159974999999998
104.534 1.6209485049833885
104.624 1.6209485049833885
109.44 1.0468062921348313
109.541 1.0468062921348313
116.216 0.9031569892473118
116.362 0.9031569892473118
117.757 1.4935244825845533
117.851 1.4935244825845533
119.832 1.747458201058201
119.925 1.747458201058201
121.815 1.536
121.931 1.536
124.02 1.519920915712799
124.129 1.519920915712799
126.051 1.3721637647058824
126.131 1.3721637647058824
130.381 1.0188189959294436
130.456 1.0188189959294436
137.826 2.0362240896358546
137.935 2.0362240896358546
141.505 1.5496702747710243
141.62 1.5496702747710243
146.424 1.2772177794309094
146.532 1.2772177794309094
151.909 0.8183672654690619
152.031 0.8183672654690619
162.051 0.5558277511961722
162.202 0.5558277511961722
164.292 0.6072669603524229
164.489 0.6072669603524229
166.759 1.2016187050359712
166.84 1.2016187050359712
167.952 1.2046208842897461
168.043 1.2046208842897461
169.106 1.1887001795332137
169.237 1.1887001795332137
171.465 0.7050662177328844
171.536 0.7050662177328844
175.1 0.70608
175.27 0.70608
