0.0 1.6717333333333333
0.025 1.6717333333333333
0.895 1.6706577181208053
1.027 1.6706577181208053
1.772 1.572601721170396
1.837 1.572601721170396
4.742 2.772978675645342
4.828 2.772978675645342
6.61 3.407688888888889
6.767 3.407688888888889
9.107 1.6793668763102725
9.212 1.6793668763102725
13.028 3.934883215643672
13.128 3.934883215643672
14.969 2.058698374181024
15.009 2.058698374181024
19.13 1.485448290877422
19.235 1.485448290877422
23.828 2.813045017314352
23.911 2.813045017314352
26.51 2.0740833103448275
26.62 2.0740833103448275
30.245 1.7301801037246582
30.317 1.7301801037246582
34.559 2.0741533406352683
34.808 2.0741533406352683
38.46 2.5126157575757575
38.52 2.5126157575757575
41.82 2.5164808575803983
41.918 2.5164808575803983
44.53 2.514593122233572
44.619 2.514593122233572
47.556 2.5787235745248416
47.62 2.5787235745248416
50.619 2.5617180043383945
50.718 2.5617180043383945
53.484 1.5975867367569754
53.625 1.5975867367569754
58.571 1.7126396292004635
58.628 1.7126396292004635
62.943 2.467254237288136
63.019 2.467254237288136
65.91 3.508653810835629
66.205 3.508653810835629
68.383 5.579400576368877
68.507 5.579400576368877
69.895 4.176909323116219
70.009 4.176909323116219
73.924 4.192264557872035
74.015 4.192264557872035
78.188 2.605887049357883
78.313 2.605887049357883
84.776 2.4999613879467777
84.822 2.4999613879467777
92.488 3.3459987274655356
92.617 3.3459987274655356
97.332 3.3425155607751025
97.411 3.3425155607751025
102.52 3.2180520446096654
102.616 3.2180520446096654
107.996 4.5469456697149
108.117 4.5469456697149
111.835 4.588201869158878
112.1 4.588201869158878
115.845 5.923822913146333
115.91 5.923822913146333
118.869 4.78902827225131
118.909 4.78902827225131
122.729 4.86233763497498
122.814 4.86233763497498
126.611 5.414010101010101
126.711 5.414010101010101
129.879 5.321638253638254
130.009 5.321638253638254
132.895 5.252135738306329
133.011 5.252135738306329
136.282 5.8262662116040955
136.408 5.8262662116040955
139.338 4.48979079497908
139.407 4.48979079497908
143.231 2.249656975193385
143.501 2.249656975193385
150.999 2.060673033840349
151.123 2.060673033840349
159.604 2.33225
159.723 2.33225
162.763 5.381060773480662
162.823 5.381060773480662
164.271 7.5511338582677165
164.308 7.5511338582677165
165.324 3.778986050986051
165.407 3.778986050986051
167.486 2.5317485714285715
167.621 2.5317485714285715
170.246 5.378046068308181
170.319 5.378046068308181
171.578 6.199602162162162
171.609 6.199602162162162
