0.0 3.8681063829787234
0.013 3.8681063829787234
0.389 3.803241954707986
0.514 3.803241954707986
1.353 3.8131739130434785
1.409 3.8131739130434785
2.145 3.8092652552926523
2.21 3.8092652552926523
3.013 3.8151657010428734
3.11 3.8151657010428734
3.973 3.8048628884826328
4.013 3.8048628884826328
5.107 3.8006925498426023
5.214 3.8006925498426023
7.12 3.7979635157545606
7.212 3.7979635157545606
12.036 3.8718511890746408
12.111 3.8718511890746408
16.358 3.860646941045606
16.412 3.860646941045606
20.907 3.8563264581947214
21.011 3.8563264581947214
25.52 3.8453625971650665
25.611 3.8453625971650665
29.985 3.8250820168794637
30.115 3.8250820168794637
34.736 3.833019161928827
34.812 3.833019161928827
39.561 3.834414913957935
39.612 3.834414913957935
43.796 3.840290811775201
44.1 3.840290811775201
48.584 3.8377355960611776
48.71 3.8377355960611776
53.483 3.8343253432627415
53.611 3.8343253432627415
57.908 3.8321415012942195
58.012 3.8321415012942195
62.648 3.830779751332149
62.712 3.830779751332149
67.216 3.850444549315715
67.311 3.850444549315715
71.549 3.845351590106007
71.613 3.845351590106007
76.141 3.8055777301927196
76.216 3.8055777301927196
80.886 3.8091311437223383
81.016 3.8091311437223383
85.309 3.82320808940926
85.415 3.82320808940926
87.294 3.8164718272775144
87.411 3.8164718272775144
89.31 3.822810474922326
89.412 3.822810474922326
91.665 3.838972151898734
91.71 3.838972151898734
93.29 3.8374674556213018
93.411 3.8374674556213018
95.439 3.837998033431662
95.512 3.837998033431662
97.546 3.8204619209039548
97.612 3.8204619209039548
102.037 3.812473041934768
102.11 3.812473041934768
106.617 3.828875491480996
106.716 3.828875491480996
111.294 3.8280159029085583
111.413 3.8280159029085583
116.192 3.838315176715177
116.314 3.838315176715177
121.124 3.83018847699866
121.215 3.83018847699866
125.693 3.8157137888198758
125.812 3.8157137888198758
129.837 3.8041930912311783
129.91 3.8041930912311783
134.426 3.794389864414314
134.703 3.794389864414314
139.202 3.8009652424175338
139.316 3.8009652424175338
143.833 3.8093785004516714
143.912 3.8093785004516714
148.34 3.8292217353198947
148.413 3.8292217353198947
152.977 3.8241549898625817
153.013 3.8241549898625817
157.452 3.8210968575118383
157.515 3.8210968575118383
162.161 3.824431946006749
162.213 3.824431946006749
166.658 3.82384
166.713 3.82384
171.413 3.8303515625
171.511 3.8303515625
175.607 3.8362474410324876
175.904 3.8362474410324876
180.398 3.8448756285618506
180.511 3.8448756285618506
