0.0 2.2796363636363637
0.017 2.2796363636363637
0.655 2.309165120593692
0.718 2.309165120593692
1.257 2.2974455852156055
1.317 2.2974455852156055
1.804 2.302696296296296
1.916 2.302696296296296
2.456 2.2613241758241758
2.525 2.2613241758241758
3.981 2.253665403356795
4.023 2.253665403356795
5.87 2.3203459320948108
5.922 2.3203459320948108
9.044 2.4626693759071117
9.119 2.4626693759071117
12.564 3.0376954585930545
12.609 3.0376954585930545
14.855 2.5689051300070274
14.926 2.5689051300070274
17.772 2.3306112833230004
17.82 2.3306112833230004
21.046 3.5942331047992164
21.11 3.5942331047992164
23.152 3.1365664596273293
23.211 3.1365664596273293
25.626 2.4322769140510414
25.714 2.4322769140510414
29.123 2.180838752488387
29.414 2.180838752488387
32.428 2.105290763968073
32.516 2.105290763968073
36.024 2.6295790547432847
36.119 2.6295790547432847
39.06 2.3754463667820067
39.127 2.3754463667820067
46.063 2.406312880942706
46.11 2.406312880942706
53.493 2.5188075912408756
53.61 2.5188075912408756
60.46 2.0666393110435664
60.512 2.0666393110435664
68.408 2.349891758917589
68.526 2.349891758917589
71.778 3.0878022328548647
71.811 3.0878022328548647
74.319 3.4914628057913126
74.604 3.4914628057913126
76.607 5.75164771817454
76.707 5.75164771817454
77.956 5.088171601208459
78.201 5.088171601208459
81.511 4.003489450595363
81.609 4.003489450595363
86.396 4.117010438413361
86.513 4.117010438413361
90.345 4.333141842172037
90.41 4.333141842172037
94.351 2.8142262678803642
94.408 2.8142262678803642
100.56 3.2317996558975337
100.616 3.2317996558975337
105.847 3.2286388575723413
105.913 3.2286388575723413
111.235 3.1806554164398477
111.311 3.1806554164398477
116.822 3.1810272996000695
116.916 3.1810272996000695
122.667 2.84911975308642
122.905 2.84911975308642
129.385 2.4541878453038675
129.515 2.4541878453038675
132.592 3.408355347749854
132.713 3.408355347749854
134.424 4.337779318313113
134.514 4.337779318313113
136.245 4.091792905081496
136.31 4.091792905081496
140.482 4.2340221948212085
140.51 4.2340221948212085
144.565 3.9614673555659934
144.613 3.9614673555659934
148.871 6.2039645012424565
148.906 6.2039645012424565
151.723 6.920270688952304
151.807 6.920270688952304
154.26 4.28501472363022
154.506 4.28501472363022
158.649 3.766807001994239
158.705 3.766807001994239
163.218 4.858623411732901
163.315 4.858623411732901
167.014 2.5881095348069945
167.119 2.5881095348069945
173.181 3.0940588657573582
173.208 3.0940588657573582
178.78 2.1988619631901845
178.824 2.1988619631901845
