0.0 4.155451428571428
0.012 4.155451428571428
0.362 4.162675585284281
0.411 4.162675585284281
0.71 4.10306432748538
0.812 4.10306432748538
1.496 4.100321715817694
1.609 4.100321715817694
2.355 4.089226666666667
2.413 4.089226666666667
4.363 4.08442574888464
4.411 4.08442574888464
5.98 5.002979710144928
6.012 5.002979710144928
9.462 4.926425383167518
9.507 4.926425383167518
13.226 4.663571185479296
13.31 4.663571185479296
16.836 4.571551106427819
16.907 4.571551106427819
20.703 4.325416915422886
20.809 4.325416915422886
24.829 4.479258588548602
24.909 4.479258588548602
28.664 4.442247800955014
28.709 4.442247800955014
32.688 3.644245845845846
32.809 3.644245845845846
37.804 3.885490917897796
38.101 3.885490917897796
42.23 3.5949611691022967
42.312 3.5949611691022967
47.102 4.550934658385093
47.211 4.550934658385093
51.236 5.032405620036652
51.307 5.032405620036652
54.581 4.159636619058769
54.609 4.159636619058769
58.88 2.8944526086227143
58.919 2.8944526086227143
64.88 5.520359945872801
64.905 5.520359945872801
67.861 4.491037400051587
67.908 4.491037400051587
71.785 2.632896
71.909 2.632896
78.659 1.8448330324909747
78.924 1.8448330324909747
87.788 4.481477230193387
87.91 4.481477230193387
89.513 4.910216802168022
89.608 4.910216802168022
91.084 4.683410549211528
91.109 4.683410549211528
92.948 4.574340874811464
93.008 4.574340874811464
94.334 4.482940092165899
94.409 4.482940092165899
96.145 4.126101048617731
96.211 4.126101048617731
100.407 4.686871084003327
100.511 4.686871084003327
104.118 4.585752868961836
104.208 4.585752868961836
107.955 3.98105655235067
108.204 3.98105655235067
112.607 4.270328664799253
112.709 4.270328664799253
116.993 4.323722716627635
117.111 4.323722716627635
121.381 4.686225136612022
121.41 4.686225136612022
125.07 4.610701891323927
125.108 4.610701891323927
128.439 3.9439247015610652
128.51 3.9439247015610652
132.866 3.8788820722563053
132.914 3.8788820722563053
137.315 3.93602934433746
137.409 3.93602934433746
141.771 4.99051124260355
141.808 4.99051124260355
145.188 3.995557384545039
145.505 3.995557384545039
149.879 4.482551888038025
149.91 4.482551888038025
153.697 4.242010991636798
153.809 4.242010991636798
157.994 2.626232040784798
158.111 2.626232040784798
164.584 4.183437616387336
164.714 4.183437616387336
169.01 1.6212793221039579
169.131 1.6212793221039579
178.808 3.0917625570776255
178.93 3.0917625570776255
181.12 3.9658940397350992
181.21 3.9658940397350992
