0.0 2.7083947858473
0.018 2.7083947858473
0.555 2.7175545851528384
0.625 2.7175545851528384
1.083 2.6728533333333333
1.127 2.6728533333333333
2.177 2.671475982532751
2.218 2.671475982532751
3.363 2.66814262560778
3.416 2.66814262560778
4.65 2.7875006524575903
4.725 2.7875006524575903
7.024 2.7883448806774442
7.117 2.7883448806774442
9.715 2.692445572834021
9.814 2.692445572834021
12.965 2.6988386075949364
13.021 2.6988386075949364
15.549 2.658583272727273
15.618 2.658583272727273
18.368 2.7162398843930635
18.415 2.7162398843930635
21.183 2.6640377495462793
21.22 2.6640377495462793
23.975 2.6559635343618515
24.019 2.6559635343618515
26.871 2.6712731958762888
27.105 2.6712731958762888
30.209 2.661153036437247
30.318 2.661153036437247
32.788 2.6868254017787487
32.921 2.6868254017787487
39.33 2.707288205734555
39.414 2.707288205734555
46.18 2.6930526315789476
46.22 2.6930526315789476
52.338 2.6539898416492385
52.415 2.6539898416492385
59.109 2.689188279301746
59.221 2.689188279301746
65.637 2.662889033942559
65.716 2.662889033942559
71.844 2.707954642097803
71.919 2.707954642097803
74.741 2.671296032553408
74.82 2.671296032553408
76.786 2.683576362240982
76.82 2.683576362240982
79.426 2.696624624624625
79.517 2.696624624624625
82.181 2.6773106760251197
82.216 2.6773106760251197
84.923 2.6673248683803035
85.016 2.6673248683803035
88.245 2.6886418439716313
88.315 2.6886418439716313
90.571 2.68265563598759
90.614 2.68265563598759
93.515 2.705888388214905
93.615 2.705888388214905
96.5 2.6926520231213873
96.618 2.6926520231213873
99.213 2.730909871244635
99.51 2.730909871244635
102.306 2.728514836223507
102.413 2.728514836223507
105.008 2.6944150943396226
105.116 2.6944150943396226
108.19 2.667961849710983
108.319 2.667961849710983
115.239 2.6997613725798835
115.317 2.6997613725798835
121.67 2.673789693593315
121.722 2.673789693593315
127.466 2.706749015282811
127.52 2.706749015282811
133.867 2.6401113516857406
133.918 2.6401113516857406
140.384 2.6851673443853614
140.521 2.6851673443853614
146.915 2.6062998102466794
147.21 2.6062998102466794
149.845 2.604841168996188
149.918 2.604841168996188
153.066 2.727987687572143
153.115 2.727987687572143
155.714 2.6989179078628336
155.821 2.6989179078628336
158.708 2.6455006896551723
158.818 2.6455006896551723
161.718 2.6470727762803237
161.82 2.6470727762803237
164.788 2.434373626373626
164.917 2.434373626373626
167.647 2.408737104233369
167.72 2.408737104233369
170.531 2.546943115364168
170.617 2.546943115364168
