0.0 2.2868050314465407
0.015 2.2868050314465407
0.651 2.322089552238806
0.72 2.322089552238806
1.256 2.2974455852156055
1.319 2.2974455852156055
1.806 2.2725408618127787
1.922 2.2725408618127787
3.268 2.6255885167464115
3.315 2.6255885167464115
4.569 2.2282559109874827
4.621 2.2282559109874827
7.497 2.4783167978104688
7.614 2.4783167978104688
10.537 2.713110329389191
10.616 2.713110329389191
13.743 2.69990660862683
13.812 2.69990660862683
16.339 2.369887844408428
16.413 2.369887844408428
19.498 2.0216595859101907
19.618 2.0216595859101907
23.337 1.9697863660762212
23.423 1.9697863660762212
27.149 2.1188274125874127
27.217 2.1188274125874127
30.792 1.9537304429783224
31.107 1.9537304429783224
35.351 2.394553005464481
35.417 2.394553005464481
38.162 2.7072434017595306
38.214 2.7072434017595306
40.942 3.1071080755323424
41.011 3.1071080755323424
43.5 4.807131614654003
43.607 4.807131614654003
45.081 4.751486493714896
45.109 4.751486493714896
48.848 4.8262467132867135
48.908 4.8262467132867135
52.483 4.906248947684907
52.607 4.906248947684907
55.933 4.939504113475177
56.008 4.939504113475177
59.533 4.684250922509225
59.607 4.684250922509225
63.401 4.182250639386189
63.508 4.182250639386189
67.418 3.08215644820296
67.51 3.08215644820296
73.186 4.078916929038508
73.31 4.078916929038508
77.439 4.322215606675688
77.699 4.322215606675688
82.133 4.202553010122536
82.21 4.202553010122536
85.964 4.573356186395286
86.011 4.573356186395286
89.745 4.241332680058795
89.807 4.241332680058795
93.889 3.517591344153142
94.013 3.517591344153142
98.819 4.813113725490196
98.909 4.813113725490196
102.479 4.824825763831544
102.507 4.824825763831544
106.14 4.687186266974122
106.208 4.687186266974122
110.111 4.205534396355353
110.208 4.205534396355353
114.598 3.827624191028788
114.901 3.827624191028788
119.382 3.8793250820914373
119.51 3.8793250820914373
123.469 4.067172348484848
123.51 4.067172348484848
127.734 4.32285641934667
127.81 4.32285641934667
131.759 4.512210249671485
131.808 4.512210249671485
135.613 4.562598863943738
135.708 4.562598863943738
139.405 4.256348757915246
139.509 4.256348757915246
143.615 4.193533596837945
143.709 4.193533596837945
147.757 4.413927399303828
147.81 4.413927399303828
151.832 4.753803131991051
152.101 4.753803131991051
155.677 4.8983505042245845
155.706 4.8983505042245845
159.375 4.8348597842835135
159.407 4.8348597842835135
162.652 4.9075138058639345
162.707 4.9075138058639345
166.22 4.8169945401091985
166.308 4.8169945401091985
