0.0 3.0683713080168777
0.015 3.0683713080168777
0.489 3.088436724565757
0.617 3.088436724565757
1.02 3.017737634408602
1.12 3.017737634408602
2.05 3.025558852621167
2.112 3.025558852621167
3.123 3.023404958677686
3.213 3.023404958677686
4.302 3.086928709055877
4.417 3.086928709055877
6.493 3.263117117117117
6.614 3.263117117117117
8.834 3.39763556267521
8.911 3.39763556267521
11.408 3.577061561888188
11.515 3.577061561888188
16.112 3.6572408851422553
16.214 3.6572408851422553
20.959 3.671489864864865
21.013 3.671489864864865
25.749 3.433976316864026
25.814 3.433976316864026
30.712 3.696299456294437
30.81 3.696299456294437
35.592 3.5073233140655105
35.712 3.5073233140655105
40.902 3.3605345622119818
41.014 3.3605345622119818
45.788 3.3997757156959527
45.912 3.3997757156959527
50.977 3.037730016583748
51.303 3.037730016583748
57.333 3.0463078245915733
57.418 3.0463078245915733
59.744 2.8912052689352357
59.813 2.8912052689352357
62.546 2.826019120458891
62.614 2.826019120458891
65.229 2.8866175637393767
65.315 2.8866175637393767
67.786 3.6200132638559928
67.91 3.6200132638559928
70.021 3.60867101584343
70.112 3.60867101584343
72.258 3.5680612244897962
72.312 3.5680612244897962
74.272 3.4771577928363993
74.312 3.4771577928363993
76.378 3.5337490558120015
76.604 3.5337490558120015
81.37 3.601710956587108
81.412 3.601710956587108
86.733 3.705116016909347
86.815 3.705116016909347
91.073 3.8908434723171568
91.214 3.8908434723171568
95.603 3.5609049773755657
95.711 3.5609049773755657
100.573 3.348958795562599
100.617 3.348958795562599
105.665 3.5834861313868616
105.713 3.5834861313868616
110.508 3.6223583384996902
110.616 3.6223583384996902
115.455 3.5039433058800995
115.514 3.5039433058800995
120.735 3.4782019593067073
121.001 3.4782019593067073
126.309 4.778931178601281
126.413 4.778931178601281
130.002 6.856360714285715
130.111 6.856360714285715
132.351 4.520983157894737
132.408 4.520983157894737
136.208 4.298907076303197
136.31 4.298907076303197
140.281 4.093695755841678
140.416 4.093695755841678
144.61 4.0180867079561695
144.713 4.0180867079561695
148.911 3.9891732481168685
149.011 3.9891732481168685
153.392 4.006472504130281
153.511 4.006472504130281
157.748 4.4459844728274485
158.003 4.4459844728274485
161.996 4.4455020920502095
162.114 4.4455020920502095
165.938 4.244697213037317
166.011 4.244697213037317
170.245 4.212975295381311
170.313 4.212975295381311
174.037 4.23485531810366
174.111 4.23485531810366
178.182 4.252600667408231
178.315 4.252600667408231
