0.0 3.2905158371040724
0.014 3.2905158371040724
0.456 3.3102127659574467
0.514 3.3102127659574467
0.89 3.259577235772358
1.012 3.259577235772358
1.873 3.2573816743572843
1.912 3.2573816743572843
3.429 1.6603570347957641
3.513 1.6603570347957641
5.496 1.9055795420755277
5.634 1.9055795420755277
8.997 2.5048824343015212
9.112 2.5048824343015212
12.004 1.8592802980495287
12.117 1.8592802980495287
16.68 2.9458825561312607
16.711 2.9458825561312607
19.027 3.075769457299116
19.109 3.075769457299116
21.486 2.478098879367172
21.616 2.478098879367172
24.65 3.5370718072289153
24.708 3.5370718072289153
26.783 3.5346747550163324
26.811 3.5346747550163324
28.954 3.53738566552901
29.203 3.53738566552901
31.547 3.598742036787797
31.612 3.598742036787797
36.07 4.272919106699752
36.108 4.272919106699752
40.138 3.899002128565347
40.209 3.899002128565347
44.907 2.869400208986416
45.01 2.869400208986416
50.752 2.882188189487346
50.819 2.882188189487346
56.983 3.280196197718631
57.113 3.280196197718631
62.373 3.30060355987055
62.412 3.30060355987055
67.356 2.4669526778124116
67.413 2.4669526778124116
74.471 2.529828896797153
74.707 2.529828896797153
81.732 3.0619089316987744
81.814 3.0619089316987744
84.098 3.0608470387729017
84.214 3.0608470387729017
86.561 3.0541424357353564
86.614 3.0541424357353564
88.987 2.6234517209869024
89.115 2.6234517209869024
92.398 2.4194559234144393
92.515 2.4194559234144393
95.022 2.41914330121231
95.115 2.41914330121231
98.332 2.419866088034718
98.414 2.419866088034718
101.64 2.745552848722986
101.715 2.745552848722986
104.26 2.9367784615384616
104.502 2.9367784615384616
107.102 2.9416269214790196
107.213 2.9416269214790196
109.62 2.996610709117222
109.713 2.996610709117222
112.477 3.0155944158706833
112.51 3.0155944158706833
115.232 3.0049884600079584
115.31 3.0049884600079584
117.823 2.599568043331076
117.915 2.599568043331076
123.823 2.9123132734361756
123.916 2.9123132734361756
129.815 3.8003027604630457
129.913 3.8003027604630457
134.405 2.9905870057481274
134.51 2.9905870057481274
140.251 2.7830272232304902
140.311 2.7830272232304902
146.372 2.705769933426227
146.415 2.705769933426227
152.874 3.4418945660989455
152.914 3.4418945660989455
157.846 3.115464214314274
157.914 3.115464214314274
160.415 3.113616883116883
160.512 3.113616883116883
162.976 2.297897630886224
163.012 2.297897630886224
166.431 1.8668089887640449
166.524 1.8668089887640449
170.084 1.8657922292642601
170.121 1.8657922292642601
173.75 1.8511591962905718
173.826 1.8511591962905718
