0.0 2.301278481012658
0.017 2.301278481012658
0.649 2.3307865168539323
0.722 2.3307865168539323
1.256 2.311685950413223
1.318 2.311685950413223
1.802 2.542676641729011
1.924 2.542676641729011
3.127 3.6181186813186814
3.211 3.6181186813186814
4.121 3.032874585896829
4.214 3.032874585896829
6.327 3.1633711790393013
6.414 3.1633711790393013
8.704 3.3024118333982098
8.814 3.3024118333982098
11.383 4.055179284833539
11.41 4.055179284833539
15.465 3.921719322033898
15.513 3.921719322033898
19.938 2.8472533158670377
20.01 2.8472533158670377
26.117 3.5589538721963603
26.209 3.5589538721963603
30.935 4.097288827074641
31.02 4.097288827074641
35.334 5.042384487534626
35.409 5.042384487534626
39.019 5.307043334435991
39.109 5.307043334435991
42.132 4.135414024975985
42.21 4.135414024975985
46.374 5.487571000599162
46.6 5.487571000599162
49.938 5.18605476864967
50.004 5.18605476864967
53.181 3.9020004392708105
53.212 3.9020004392708105
57.765 4.346053400503778
57.808 4.346053400503778
61.778 2.3659828911120777
61.809 2.3659828911120777
68.706 2.677907105505998
68.821 2.677907105505998
75.323 4.646287058823529
75.41 4.646287058823529
79.235 3.8585653610193487
79.307 3.8585653610193487
83.545 3.4807640270592914
83.612 3.4807640270592914
88.638 3.580324829931973
88.901 3.580324829931973
93.605 3.748995962314939
93.714 3.748995962314939
95.2 3.689523114355231
95.311 3.689523114355231
96.955 3.526227458087902
97.011 3.526227458087902
99.218 3.525965672990063
99.314 3.525965672990063
101.528 3.3436598101265824
101.613 3.3436598101265824
106.669 3.6166735424121237
106.715 3.6166735424121237
111.466 4.175462601238685
111.512 4.175462601238685
115.71 6.720825863335783
115.806 6.720825863335783
118.528 2.520794101583834
118.807 2.520794101583834
126.131 3.5857245963912634
126.406 3.5857245963912634
128.512 4.9212624472573845
128.608 4.9212624472573845
129.793 4.920508519003932
129.909 4.920508519003932
131.435 5.1792961165048546
131.508 5.1792961165048546
134.804 2.7217755231452125
134.909 2.7217755231452125
141.217 2.914293020041465
141.316 2.914293020041465
147.104 3.3099560606060603
147.211 3.3099560606060603
152.491 3.3822323171946604
152.612 3.3822323171946604
157.631 2.1849619692307694
157.911 2.1849619692307694
166.036 2.3752173374613004
166.309 2.3752173374613004
169.539 2.375721802237678
169.618 2.375721802237678
172.925 2.472410714285714
173.019 2.472410714285714
175.707 2.6002150537634408
175.816 2.6002150537634408
178.42 3.3673118279569896
178.515 3.3673118279569896
