0.0 2.190373493975904
0.02 2.190373493975904
0.684 2.2225714285714284
0.721 2.2225714285714284
1.281 2.198145383104126
1.319 2.198145383104126
1.828 2.1740156361051883
1.926 2.1740156361051883
3.333 2.190177554438861
3.42 2.190177554438861
4.017 2.1691089108910893
4.121 2.1691089108910893
6.04 2.1682490272373545
6.122 2.1682490272373545
9.463 2.1642591836734697
9.516 2.1642591836734697
13.436 3.759043526170799
13.517 3.759043526170799
15.332 3.074476030277544
15.41 3.074476030277544
17.788 2.7123203463203462
17.916 2.7123203463203462
20.688 3.545615458937198
20.815 3.545615458937198
22.885 3.6610961817303047
22.91 3.6610961817303047
24.979 3.0831653116531164
25.014 3.0831653116531164
30.918 2.5997718360071302
31.012 2.5997718360071302
37.183 2.3853530959966758
37.319 2.3853530959966758
44.538 2.5861233940420725
44.613 2.5861233940420725
51.696 2.2688799231508163
51.82 2.2688799231508163
54.943 2.477787394167451
55.019 2.477787394167451
58.208 3.6530103806228373
58.307 3.6530103806228373
60.33 4.0291812345679014
60.413 4.0291812345679014
64.463 3.5841399752984766
64.703 3.5841399752984766
69.561 3.2880754856614245
69.612 3.2880754856614245
75.017 3.5774666374972655
75.111 3.5774666374972655
79.682 1.1498074268813672
79.809 1.1498074268813672
95.024 2.5210114942528734
95.116 2.5210114942528734
99.814 1.744110599078341
99.929 1.744110599078341
101.882 1.7892152917505029
101.922 1.7892152917505029
102.419 1.765574712643678
102.529 1.765574712643678
103.225 1.7394484256243212
103.328 1.7394484256243212
105.17 2.5664431946006747
105.224 2.5664431946006747
107.002 2.765609671848014
107.114 2.765609671848014
108.272 2.980006734006734
108.319 2.980006734006734
110.695 2.7599573475508166
110.813 2.7599573475508166
113.814 2.1482460088981945
113.919 2.1482460088981945
117.74 2.7834633247327685
117.812 2.7834633247327685
120.525 2.78761759082218
120.613 2.78761759082218
122.705 2.829199698568199
122.813 2.829199698568199
125.467 3.874904051172708
125.512 3.874904051172708
127.388 1.7059777424483307
127.511 1.7059777424483307
137.575 2.7525992167101827
137.616 2.7525992167101827
143.744 3.4127256395235306
143.815 3.4127256395235306
148.936 3.2898108527131784
149.011 3.2898108527131784
154.171 3.3114747248647642
154.218 3.3114747248647642
159.579 3.1650716812511637
159.615 3.1650716812511637
164.986 2.5619455452601567
165.115 2.5619455452601567
172.13 3.4309963861641712
172.216 3.4309963861641712
174.153 2.8048715824357915
174.215 2.8048715824357915
176.629 2.7036117381489846
176.717 2.7036117381489846
