0.0 2.0369859943977593
0.023 2.0369859943977593
0.737 2.060662251655629
0.82 2.060662251655629
1.424 2.060508287292818
1.523 2.060508287292818
2.066 2.051907590759076
2.119 2.051907590759076
2.725 2.0494294670846394
2.821 2.0494294670846394
3.459 1.7710298818624044
3.53 1.7710298818624044
4.969 2.2602558502340093
5.03 2.2602558502340093
8.235 3.5246763606148734
8.311 3.5246763606148734
10.718 4.037079289940828
10.809 4.037079289940828
12.499 3.5546104055714873
12.616 3.5546104055714873
17.498 3.979898374914168
17.645 3.979898374914168
22.014 3.9951581947743464
22.11 3.9951581947743464
26.32 4.535720810880164
26.411 4.535720810880164
30.308 4.1587863833676035
30.411 4.1587863833676035
34.788 3.409093072673183
34.915 3.409093072673183
39.621 3.5844845961698586
39.715 3.5844845961698586
44.519 4.255927509293681
44.606 4.255927509293681
48.91 2.939535414808207
49.205 2.939535414808207
54.81 3.5347807401512137
54.915 3.5347807401512137
59.941 4.9086293029871975
60.014 4.9086293029871975
63.529 3.837766698024459
63.61 3.837766698024459
67.862 4.334516305700772
67.914 4.334516305700772
71.931 4.3569620004903165
72.009 4.3569620004903165
76.088 4.1367568934986085
76.208 4.1367568934986085
80.161 4.132841956059532
80.211 4.132841956059532
84.444 4.55185081081081
84.508 4.55185081081081
88.208 4.289324977618621
88.501 4.289324977618621
92.969 3.9137643264698587
93.009 3.9137643264698587
97.04 3.1150879241152865
97.118 3.1150879241152865
102.6 3.0718807665010646
102.712 3.0718807665010646
108.348 3.3689804703068953
108.417 3.3689804703068953
113.435 3.464439201451906
113.513 3.464439201451906
115.717 4.187164991129509
115.809 4.187164991129509
117.5 4.1948607198748045
117.611 4.1948607198748045
118.889 3.669707016497714
119.011 3.669707016497714
124.042 4.5676655126498
124.3 4.5676655126498
128.055 4.233254685777288
128.112 4.233254685777288
131.74 3.786584968040555
131.812 3.786584968040555
136.349 3.522690879075526
136.415 3.522690879075526
141.261 3.333131430790138
141.314 3.333131430790138
146.465 3.4923246376811594
146.514 3.4923246376811594
151.344 4.32267326242889
151.409 4.32267326242889
155.452 3.376849811020489
155.514 3.376849811020489
160.541 3.728126834997064
160.615 3.728126834997064
164.021 2.5624422177688713
164.123 2.5624422177688713
167.117 2.77321284857042
167.222 2.77321284857042
170.055 3.7932876712328767
170.114 3.7932876712328767
171.866 3.7868903803131992
171.915 3.7868903803131992
173.703 3.185021938350458
173.811 3.185021938350458
