0.0 6.060033333333334
0.007 6.060033333333334
0.247 6.101176470588235
0.306 6.101176470588235
0.51 6.009627408993576
0.607 6.009627408993576
1.074 6.00950884086444
1.106 6.00950884086444
1.615 5.989669724770643
1.706 5.989669724770643
2.578 5.967345370726085
2.606 5.967345370726085
5.209 5.972415224913495
5.307 5.972415224913495
8.197 5.9717653194263365
8.306 5.9717653194263365
11.374 5.555321621621622
11.405 5.555321621621622
14.365 5.708423684210526
14.406 5.708423684210526
17.446 5.829090177673483
17.506 5.829090177673483
20.489 5.85641225626741
20.609 5.85641225626741
23.481 5.643583652618136
23.505 5.643583652618136
26.637 5.667188044831881
26.899 5.667188044831881
30.111 3.4449628516212156
30.206 3.4449628516212156
34.863 5.845167684996605
34.905 5.845167684996605
37.851 5.824328139904611
37.907 5.824328139904611
41.052 3.9511021582733816
41.11 3.9511021582733816
45.28 5.3770605326876515
45.306 5.3770605326876515
48.61 6.1510987522281635
48.707 6.1510987522281635
51.512 3.1902608015640275
51.606 3.1902608015640275
56.721 1.5613120516499281
56.812 1.5613120516499281
67.964 3.1929658641753504
68.203 3.1929658641753504
73.769 5.211153601019758
73.815 5.211153601019758
76.953 5.215957066189624
77.006 5.215957066189624
80.36 3.991905190803508
80.412 3.991905190803508
84.631 3.8976416514134633
84.705 3.8976416514134633
89.622 4.684199524940618
89.717 4.684199524940618
93.085 4.3585788667687595
93.207 4.3585788667687595
97.125 4.154816414686825
97.215 4.154816414686825
101.382 6.201593543653705
101.404 6.201593543653705
104.13 6.23922149600581
104.399 6.23922149600581
107.153 5.878132796780684
107.205 5.878132796780684
110.187 5.8653696697659505
110.307 5.8653696697659505
113.426 6.269030899830221
113.506 6.269030899830221
116.451 6.045676418752203
116.505 6.045676418752203
119.342 5.74569696969697
119.405 5.74569696969697
122.078 5.782475934028946
122.105 5.782475934028946
125.076 5.830245901639344
125.106 5.830245901639344
128.034 4.773133166527662
128.109 4.773133166527662
131.706 4.277942683236115
132.002 4.277942683236115
135.945 5.904245945945946
136.007 5.904245945945946
138.967 5.748535049102608
139.007 5.748535049102608
141.96 5.294606620936475
142.007 5.294606620936475
145.36 6.213304093567252
145.409 6.213304093567252
148.145 6.391197724039829
148.206 6.391197724039829
151.018 5.37482699554642
151.107 5.37482699554642
154.026 4.787585670647042
154.106 4.787585670647042
157.707 4.26525251022685
157.812 4.26525251022685
