0.0 1.4646606243705942
0.027 1.4646606243705942
1.02 1.4746919431279621
1.127 1.4746919431279621
1.971 1.4702444152431011
2.028 1.4702444152431011
2.789 1.0546700593723495
2.93 1.0546700593723495
4.109 0.8161897627965043
4.257 0.8161897627965043
5.859 0.8267692307692307
5.962 0.8267692307692307
7.184 0.8241666666666666
7.373 0.8241666666666666
8.861 0.9321938248544116
8.979 0.9321938248544116
18.08 1.0548336425479283
18.246 1.0548336425479283
24.714 1.1903458156952134
24.847 1.1903458156952134
30.989 1.6217756686798963
31.126 1.6217756686798963
35.762 1.6000488336603444
35.821 1.6000488336603444
40.408 1.0376449315068494
40.551 1.0376449315068494
47.851 1.7627549019607842
47.931 1.7627549019607842
48.747 1.7812527821939586
48.821 1.7812527821939586
49.45 1.7543185628742515
49.532 1.7543185628742515
51.202 1.8587559562137799
51.325 1.8587559562137799
52.878 2.0598
52.917 2.0598
56.357 1.5557519196692262
56.424 1.5557519196692262
61.503 1.5495994967498428
61.628 1.5495994967498428
66.397 1.7204129281234926
66.526 1.7204129281234926
70.672 1.528981192476991
70.724 1.528981192476991
75.722 1.5322928373565492
75.826 1.5322928373565492
80.88 2.121140430694571
80.923 2.121140430694571
84.22 1.5281446500744524
84.326 1.5281446500744524
89.027 1.2393091655266757
89.315 1.2393091655266757
95.163 2.0649225605370414
95.239 2.0649225605370414
99.41 2.1357661971830986
99.517 2.1357661971830986
102.357 2.2689166180758016
102.424 2.2689166180758016
105.854 2.3584555891238668
105.922 2.3584555891238668
109.232 2.3582288221397234
109.321 2.3582288221397234
112.284 2.107541816174441
112.422 2.107541816174441
116.045 2.321474098360656
116.114 2.321474098360656
119.164 2.3187659574468085
119.214 2.3187659574468085
122.786 2.5976101265822784
123.109 2.5976101265822784
126.269 2.70083547925608
126.313 2.70083547925608
129.109 2.1136991663646247
129.218 2.1136991663646247
131.977 2.022816810344828
132.027 2.022816810344828
135.739 1.7944507529005185
135.824 1.7944507529005185
139.875 1.8871016476552598
139.922 1.8871016476552598
143.867 1.8867032967032966
143.922 1.8867032967032966
147.562 1.818997338065661
147.623 1.818997338065661
152.131 1.4552627257799673
152.227 1.4552627257799673
157.099 1.7940999309233248
157.412 1.7940999309233248
161.755 2.064572658772874
161.826 2.064572658772874
165.542 1.818637037037037
165.625 1.818637037037037
169.945 1.8522408026755852
170.022 1.8522408026755852
173.61 2.1898318240620958
173.721 2.1898318240620958
176.813 2.3634928465712877
176.918 2.3634928465712877
