0.0 2.654029197080292
0.017 2.654029197080292
0.565 2.6882073434125267
0.619 2.6882073434125267
1.082 2.663942857142857
1.118 2.663942857142857
1.538 2.6346597760551247
1.62 2.6346597760551247
2.781 2.636099279423539
2.818 2.636099279423539
4.067 2.6261955835962145
4.121 2.6261955835962145
5.706 2.62468115942029
5.823 2.62468115942029
8.583 3.1259749447310243
8.718 3.1259749447310243
11.432 4.147516109422492
11.507 4.147516109422492
13.152 4.3884177671068425
13.209 4.3884177671068425
14.875 4.4585066666666675
14.908 4.4585066666666675
18.808 4.73792
18.908 4.73792
22.458 3.330012057272042
22.505 3.330012057272042
27.813 3.3381639464514947
27.916 3.3381639464514947
33.369 3.3140243751291054
33.412 3.3140243751291054
38.253 2.683894014962594
38.32 2.683894014962594
44.736 4.645577479076844
44.82 4.645577479076844
48.763 4.47963458401305
48.808 4.47963458401305
52.486 4.32047859922179
52.799 4.32047859922179
56.911 3.6400489451476794
57.01 3.6400489451476794
61.75 3.6335301714540194
61.812 3.6335301714540194
66.303 4.055847193105055
66.41 4.055847193105055
70.703 4.128234146341463
70.811 4.128234146341463
75.116 4.258489583333333
75.212 4.258489583333333
79.052 4.518161157024793
79.107 4.518161157024793
82.979 4.676991946681477
83.11 4.676991946681477
86.711 4.688039138943249
86.809 4.688039138943249
90.897 4.93012
91.201 4.93012
94.401 5.111317569589944
94.515 5.111317569589944
97.856 4.460994589023447
97.91 4.460994589023447
101.791 4.349252379727296
101.911 4.349252379727296
105.798 4.775657587548638
105.91 4.775657587548638
109.508 4.934851351351352
109.612 4.934851351351352
113.164 5.12870423324923
113.208 5.12870423324923
116.775 5.212392998306042
116.811 5.212392998306042
120.353 5.4849964822513595
120.411 5.4849964822513595
123.538 5.485088571428571
123.8 5.485088571428571
126.6 6.708213978914487
126.706 6.708213978914487
129.267 6.707646365422397
129.309 6.707646365422397
131.854 4.422709943328181
131.91 4.422709943328181
135.792 3.9383441512958206
135.911 3.9383441512958206
140.194 4.0699972054028875
140.313 4.0699972054028875
144.607 4.129268791048406
144.712 4.129268791048406
148.823 4.128561860465116
148.91 4.128561860465116
153.21 4.130126336248785
153.31 4.130126336248785
157.426 4.308810357228483
157.702 4.308810357228483
161.873 4.604966245964191
161.911 4.604966245964191
165.318 4.878352009054895
165.41 4.878352009054895
168.944 4.747211920529801
169.012 4.747211920529801
