0.0 0.4504205636419944
0.088 0.4504205636419944
3.317 0.45491228070175443
3.503 0.45491228070175443
6.239 0.45611740725642075
6.425 0.45611740725642075
8.878 0.45464570383912245
9.011 0.45464570383912245
11.746 0.429827744904668
11.906 0.429827744904668
14.948 0.43212660393498714
15.137 0.43212660393498714
17.475 0.4278995115143056
17.614 0.4278995115143056
20.48 0.425709213345577
20.619 0.425709213345577
23.886 0.43060000000000004
24.115 0.43060000000000004
26.915 0.432506801399145
27.115 0.432506801399145
29.688 0.42340298507462687
29.916 0.42340298507462687
32.596 0.3779679273827534
32.976 0.3779679273827534
36.281 0.38001418439716317
36.44 0.38001418439716317
39.824 0.3763495552066981
40.046 0.3763495552066981
43.868 0.37148806366047743
44.029 0.37148806366047743
47.045 0.3684662004662005
47.261 0.3684662004662005
50.264 0.3702263785875524
50.427 0.3702263785875524
53.528 0.36690864799025574
53.756 0.36690864799025574
57.04 0.3604118768727867
57.272 0.3604118768727867
60.943 0.3570506490201069
61.209 0.3570506490201069
69.067 0.36774577259475216
69.377 0.36774577259475216
72.807 0.3664719883889695
73.035 0.3664719883889695
76.48 0.3701428168219023
76.644 0.3701428168219023
80.187 0.382904033379694
80.345 0.382904033379694
83.221 0.3759268834051443
83.441 0.3759268834051443
91.1 0.39408128
91.321 0.39408128
94.446 0.390764769065521
94.632 0.390764769065521
98.356 0.3952177777777778
98.541 0.3952177777777778
100.791 0.40171297809741746
101.039 0.40171297809741746
104.098 0.405107713217805
104.469 0.405107713217805
107.412 0.3773198156682028
107.622 0.3773198156682028
115.217 0.31791672975018925
115.483 0.31791672975018925
119.446 0.3176181015452539
119.674 0.3176181015452539
123.298 0.3174440398154892
123.564 0.3174440398154892
127.683 0.3414145644930985
127.872 0.3414145644930985
132.074 0.344921002965759
132.26 0.344921002965759
135.969 0.346798418972332
136.146 0.346798418972332
139.182 0.3273137578356978
139.371 0.3273137578356978
142.402 0.2943208365212956
142.815 0.2943208365212956
146.736 0.29381194906953967
146.983 0.29381194906953967
151.067 0.295936
151.283 0.295936
155.283 0.36723085649461146
155.49 0.36723085649461146
159.016 0.3828872775214239
159.265 0.3828872775214239
162.299 0.3863497757847534
162.548 0.3863497757847534
166.116 0.35775100401606424
166.364 0.35775100401606424
170.099 0.3323415520373735
170.359 0.3323415520373735
174.212 0.33355245603395994
174.473 0.33355245603395994
177.771 0.33159537976898845
178.103 0.33159537976898845
180.96 0.3331454005934718
181.144 0.3331454005934718
