0.0 1.6124257206208426
0.024 1.6124257206208426
0.926 1.6227379400260757
1.023 1.6227379400260757
1.79 1.6215304347826085
1.926 1.6215304347826085
2.616 1.7587779349363506
2.73 1.7587779349363506
3.437 3.4050416666666665
3.512 3.4050416666666665
3.896 2.7658454898575746
4.015 2.7658454898575746
6.332 3.8247729672650475
6.409 3.8247729672650475
8.303 3.9132361623616236
8.408 3.9132361623616236
10.576 4.10509265944645
10.607 4.10509265944645
12.269 4.663694705724268
12.308 4.663694705724268
16.029 5.846730329522528
16.105 5.846730329522528
19.079 5.159391411042945
19.107 5.159391411042945
22.367 3.8856240932072983
22.409 3.8856240932072983
26.958 2.955513557395681
27.012 2.955513557395681
33.171 2.4915657710824664
33.208 2.4915657710824664
39.647 2.428411225497109
39.724 2.428411225497109
46.815 1.9880086824397656
46.918 1.9880086824397656
56.132 1.5624502756339582
56.233 1.5624502756339582
60.768 2.397349514563107
60.821 2.397349514563107
64.117 2.0380694980694978
64.221 2.0380694980694978
67.847 2.021777777777778
67.922 2.021777777777778
71.45 2.035654768247203
71.519 2.035654768247203
75.273 1.9511735953640716
75.317 1.9511735953640716
79.286 1.9952639087018544
79.428 1.9952639087018544
82.933 2.29881856
83.02 2.29881856
86.145 2.549236721772775
86.407 2.549236721772775
89.25 3.4687039871123644
89.313 3.4687039871123644
91.796 3.6342576393049733
91.913 3.6342576393049733
93.582 3.3719168110918543
93.607 3.3719168110918543
95.915 3.2204983498349833
96.014 3.2204983498349833
98.438 3.108288256227758
98.516 3.108288256227758
100.764 2.5200079207920796
100.821 2.5200079207920796
103.851 3.438803302574065
103.913 3.438803302574065
105.972 3.74188750255676
106.011 3.74188750255676
110.9 4.806637854725332
111.013 4.806637854725332
114.854 4.291114335751814
114.909 4.291114335751814
118.906 3.2380872865275143
119.014 3.2380872865275143
123.757 2.8666337393625896
123.814 2.8666337393625896
129.807 2.48088359250109
129.922 2.48088359250109
136.803 2.6320650007665187
136.917 2.6320650007665187
143.44 4.586168569874933
143.508 4.586168569874933
147.186 3.18392566952086
147.503 3.18392566952086
152.992 2.046464617239301
153.117 2.046464617239301
161.412 2.387917866993564
161.53 2.387917866993564
164.793 2.591000337723742
164.915 2.591000337723742
167.876 2.5491602855288775
167.921 2.5491602855288775
171.003 2.212330226364847
171.12 2.212330226364847
174.124 2.1687892376681615
174.223 2.1687892376681615
177.345 2.256617993405558
177.417 2.256617993405558
