0.0 5.615474903474904
0.009 5.615474903474904
0.268 5.5494260869565215
0.311 5.5494260869565215
0.886 5.557417821782178
0.907 5.557417821782178
1.412 5.551433756805808
1.507 5.551433756805808
2.058 5.528138901923979
2.112 5.528138901923979
4.243 5.194983277591973
4.308 5.194983277591973
7.298 4.721083150984683
7.412 4.721083150984683
11.068 4.741556935817806
11.108 4.741556935817806
14.972 4.649067571388182
15.008 4.649067571388182
18.545 4.5945480540111205
18.61 4.5945480540111205
22.387 4.5471171548117155
22.508 4.5471171548117155
26.332 4.53358921832884
26.407 4.53358921832884
30.117 4.53339420364196
30.208 4.53339420364196
34.107 4.595558697298662
34.402 4.595558697298662
38.363 4.62873398730525
38.409 4.62873398730525
41.875 4.635225841184388
41.909 4.635225841184388
45.624 4.653839430894309
45.707 4.653839430894309
49.643 4.597125
49.709 4.597125
53.293 4.634961648839029
53.413 4.634961648839029
57.246 4.687267590328715
57.308 4.687267590328715
60.989 4.662338285714286
61.108 4.662338285714286
64.608 4.629553842063281
64.708 4.629553842063281
68.469 4.6065443234836705
68.7 4.6065443234836705
72.558 4.616770186335404
72.611 4.616770186335404
76.153 4.635484896661367
76.213 4.635484896661367
79.987 4.570379375848033
80.111 4.570379375848033
83.796 4.550024691358025
83.91 4.550024691358025
88.122 4.534746766312159
88.211 4.534746766312159
91.69 4.579488334674175
91.814 4.579488334674175
95.543 4.6267022982362365
95.611 4.6267022982362365
99.353 4.6139585152838425
99.41 4.6139585152838425
103.074 4.546921407779836
103.302 4.546921407779836
107.081 4.579047021943574
107.209 4.579047021943574
111.037 4.566671992011982
111.11 4.566671992011982
115.116 4.66219595959596
115.21 4.66219595959596
119.17 4.624314909679159
119.208 4.624314909679159
122.917 4.6371521739130435
123.009 4.6371521739130435
126.321 4.613248120300752
126.409 4.613248120300752
130.133 4.593907427341227
130.209 4.593907427341227
133.925 4.602938337801608
134.01 4.602938337801608
137.74 4.618819277108434
138.002 4.618819277108434
141.654 4.60758449775903
141.709 4.60758449775903
145.502 4.587952432432432
145.612 4.587952432432432
149.312 4.599175129533679
149.412 4.599175129533679
153.272 4.606937669376694
153.309 4.606937669376694
156.999 4.597607572269122
157.113 4.597607572269122
161.022 4.590146284376829
161.11 4.590146284376829
164.528 4.572969761273209
164.61 4.572969761273209
168.38 4.615397987927566
168.408 4.615397987927566
