0.0 1.898704960835509
0.02 1.898704960835509
0.786 1.9177812018489986
0.919 1.9177812018489986
1.568 1.9191355060034305
1.625 1.9191355060034305
2.208 1.9189135802469137
2.323 1.9189135802469137
2.971 1.8857319587628865
3.028 1.8857319587628865
4.774 1.8800903342366757
4.83 1.8800903342366757
7.044 3.8046848739495798
7.127 3.8046848739495798
9.031 4.558783449758194
9.106 4.558783449758194
10.967 3.0428852701702445
11.007 3.0428852701702445
16.411 3.832510600706714
16.51 3.832510600706714
21.038 2.116122185712547
21.111 2.116122185712547
29.328 1.581090909090909
29.422 1.581090909090909
34.064 1.5970499683744466
34.131 1.5970499683744466
38.874 1.6717
38.928 1.6717
43.888 1.6189773399014777
44.213 1.6189773399014777
48.273 1.4827062838787393
48.324 1.4827062838787393
53.305 1.517580847723705
53.429 1.517580847723705
58.525 1.6794766532353638
58.622 1.6794766532353638
62.841 1.647896558915537
62.924 1.647896558915537
67.719 1.601308775731311
67.829 1.601308775731311
72.444 1.6688890968647636
72.527 1.6688890968647636
76.801 1.5544849471114728
76.926 1.5544849471114728
81.842 1.5039174311926606
81.929 1.5039174311926606
82.801 1.5168484848484847
82.929 1.5168484848484847
83.655 1.509038560411311
83.727 1.509038560411311
84.505 1.6827211516136522
84.626 1.6827211516136522
88.933 1.6259754578063055
89.024 1.6259754578063055
94.321 1.5584727646454264
94.428 1.5584727646454264
98.32 1.414464558342421
98.427 1.414464558342421
103.929 1.4832772183165497
104.04 1.4832772183165497
109.303 1.6581471286188894
109.423 1.6581471286188894
113.637 1.65130276816609
113.729 1.65130276816609
118.353 1.590050752301819
118.423 1.590050752301819
122.876 1.7139055526725482
122.923 1.7139055526725482
124.85 1.7131361452215697
124.926 1.7131361452215697
126.799 1.6871489961253963
126.926 1.6871489961253963
129.765 1.7233144208037825
129.828 1.7233144208037825
133.212 1.7213883539660706
133.327 1.7213883539660706
137.689 1.7168918280585734
137.825 1.7168918280585734
142.059 1.686591753511554
142.129 1.686591753511554
146.543 1.680763582966226
146.624 1.680763582966226
150.71 1.520215053763441
150.833 1.520215053763441
156.227 1.6761323877068557
156.329 1.6761323877068557
160.559 1.6348669744020141
160.628 1.6348669744020141
165.394 1.6474021902512348
165.711 1.6474021902512348
170.368 1.664867980504344
170.425 1.664867980504344
175.144 1.5383888888888888
175.227 1.5383888888888888
179.547 1.4825109144542774
179.627 1.4825109144542774
181.322 1.7265025295109613
181.427 1.7265025295109613
