0.0 3.0554789915966385
0.012 3.0554789915966385
0.488 3.065615763546798
0.616 3.065615763546798
1.022 3.07378021978022
1.113 3.07378021978022
1.477 3.0166074950690334
1.521 3.0166074950690334
2.535 3.0069038572251006
2.614 3.0069038572251006
4.351 3.007256687001408
4.414 3.007256687001408
6.545 1.9669074124355146
6.615 1.9669074124355146
10.298 2.0637061542203843
10.422 2.0637061542203843
14.533 1.9349585933068634
14.623 1.9349585933068634
18.149 2.4378472824274757
18.218 2.4378472824274757
21.217 2.3687939508506615
21.314 2.3687939508506615
24.488 2.911314557715192
24.617 2.911314557715192
27.138 2.912267589388697
27.211 2.912267589388697
29.812 3.1866379707916987
30.103 3.1866379707916987
32.705 3.5879082969432314
32.813 3.5879082969432314
34.645 3.639793701120271
34.716 3.639793701120271
39.447 3.8409544977982804
39.511 3.8409544977982804
44.28 3.0115328093584353
44.314 3.0115328093584353
49.785 3.042611406062682
49.915 3.042611406062682
55.754 2.968145879924308
55.811 2.968145879924308
61.624 3.0168578295433535
61.711 3.0168578295433535
67.12 3.2970558606324563
67.215 3.2970558606324563
72.496 3.8096565916398712
72.611 3.8096565916398712
77.276 2.9045470692717585
77.502 2.9045470692717585
83.132 2.8930577145692076
83.213 2.8930577145692076
89.26 3.0945687446626815
89.316 3.0945687446626815
91.658 3.624912457912458
91.713 3.624912457912458
94.089 3.625568439928273
94.212 3.625568439928273
95.885 3.05071893375147
95.912 3.05071893375147
98.463 2.0250293125810637
98.511 2.0250293125810637
102.366 1.9964091428571429
102.418 1.9964091428571429
105.918 1.9189806484041216
106.025 1.9189806484041216
110.004 2.9185886232481453
110.113 2.9185886232481453
112.539 3.438203403902034
112.805 3.438203403902034
115.214 3.2482975860704393
115.315 3.2482975860704393
117.842 3.6011139723414405
117.909 3.6011139723414405
120.006 3.559269524913094
120.111 3.559269524913094
124.426 3.2280601277715144
124.517 3.2280601277715144
129.839 3.4121447131720966
129.915 3.4121447131720966
134.918 2.8648356415818452
135.014 2.8648356415818452
141.007 3.4664874640361694
141.112 3.4664874640361694
145.978 3.162035100416139
146.011 3.162035100416139
151.538 3.082517523152352
151.611 3.082517523152352
157.118 2.8018964646464646
157.22 2.8018964646464646
163.556 3.1085705024311183
163.616 3.1085705024311183
166.084 3.1189011512504963
166.113 3.1189011512504963
168.632 3.1318755890669183
168.716 3.1318755890669183
170.838 3.1073703533731067
170.913 3.1073703533731067
173.092 3.0111879321181645
173.217 3.0111879321181645
