0.0 1.8363737373737374
0.021 1.8363737373737374
0.813 1.8576716417910448
0.931 1.8576716417910448
1.601 1.86476
1.727 1.86476
2.327 1.858678624813154
2.428 1.858678624813154
3.097 1.826116472545757
3.228 1.826116472545757
5.031 1.3320440656828103
5.129 1.3320440656828103
9.94 0.8824607138506517
10.18 0.8824607138506517
18.389 1.0390564605021433
18.585 1.0390564605021433
26.75 1.6584319119669877
26.828 1.6584319119669877
27.555 1.670930930930931
27.629 1.670930930930931
28.295 1.6638123167155425
28.429 1.6638123167155425
29.111 1.631138399597383
29.236 1.631138399597383
31.223 1.8490396149574233
31.333 1.8490396149574233
34.034 2.101275215408008
34.305 2.101275215408008
38.251 1.5169739210708517
38.327 1.5169739210708517
42.66 4.783264248704663
42.729 4.783264248704663
44.273 5.9397788018433175
44.306 5.9397788018433175
45.608 5.779536704730832
45.705 5.779536704730832
46.931 3.9833650224215247
47.01 3.9833650224215247
51.47 3.1951540740740745
51.515 3.1951540740740745
56.915 4.245105098855359
57.013 4.245105098855359
60.857 3.397415024390244
60.915 3.397415024390244
66.04 3.6810372825186413
66.111 3.6810372825186413
70.939 3.3661177439275423
71.013 3.3661177439275423
75.871 3.375978386723273
75.913 3.375978386723273
81.095 3.283011306042885
81.213 3.283011306042885
86.343 3.1930529823392204
86.605 3.1930529823392204
92.607 3.1352114467408585
92.715 3.1352114467408585
97.747 3.231203784295175
97.816 3.231203784295175
103.101 3.506099635479951
103.215 3.506099635479951
108.153 2.8619509057050956
108.213 2.8619509057050956
114.12 2.8770248681235873
114.216 2.8770248681235873
116.87 3.10139991239597
116.915 3.10139991239597
119.198 3.1114521183981427
119.317 3.1114521183981427
121.04 3.1040044969083755
121.116 3.1040044969083755
122.895 3.1464733333333332
123.014 3.1464733333333332
125.414 3.165958740499457
125.515 3.165958740499457
127.357 3.1655548060708263
127.416 3.1655548060708263
129.788 4.982398903358465
129.914 4.982398903358465
131.373 6.103434056167793
131.409 6.103434056167793
134.222 7.9192150234741785
134.31 7.9192150234741785
136.44 8.189582005623242
136.513 8.189582005623242
138.647 7.895546046511628
138.707 7.895546046511628
140.857 5.682719590268887
140.908 5.682719590268887
144.032 3.7827325322652428
144.112 3.7827325322652428
148.606 3.163535997183595
148.713 3.163535997183595
154.394 3.607523568636468
154.516 3.607523568636468
158.865 4.162263640753259
159.102 4.162263640753259
163.244 4.637793772745653
163.311 4.637793772745653
