0.0 2.2689672386895476
0.018 2.2689672386895476
0.659 2.2921546961325965
0.724 2.2921546961325965
1.267 2.260315151515152
1.321 2.260315151515152
1.816 2.289974217311234
1.923 2.289974217311234
2.466 2.2367445652173914
2.526 2.2367445652173914
3.998 2.243408450704225
4.116 2.243408450704225
5.252 2.2301470355731228
5.316 2.2301470355731228
6.581 2.888626489615254
6.623 2.888626489615254
9.56 1.9601563952795327
9.61 1.9601563952795327
17.999 3.0190688935281838
18.117 3.0190688935281838
23.865 1.997034110485816
23.919 1.997034110485816
32.626 1.5824545062526951
32.726 1.5824545062526951
37.364 1.5721892901618928
37.431 1.5721892901618928
42.249 1.5386216366672851
42.333 1.5386216366672851
47.722 1.790533369654045
47.828 1.790533369654045
51.499 2.1456595002905288
51.812 2.1456595002905288
55.254 2.110120600272851
55.319 2.110120600272851
58.984 1.577406945681211
59.027 1.577406945681211
63.519 1.5766608357628766
63.632 1.5766608357628766
65.69 1.6054814814814815
65.826 1.6054814814814815
66.528 1.5690691003911343
66.636 1.5690691003911343
69.704 1.6612713043478262
69.832 1.6612713043478262
74.432 1.9283386454183267
74.529 1.9283386454183267
78.545 2.6390188679245283
78.618 2.6390188679245283
81.268 3.034984368398817
81.508 3.034984368398817
83.875 3.1606977758395116
83.916 3.1606977758395116
86.209 2.847203966942149
86.318 2.847203966942149
89.343 2.609972461273666
89.415 2.609972461273666
91.739 2.6106621938946666
91.82 2.6106621938946666
94.801 2.5995631035631037
94.918 2.5995631035631037
97.921 2.4261916666666665
98.02 2.4261916666666665
100.9 2.405678638941399
101.022 2.405678638941399
104.196 2.40669476546567
104.319 2.40669476546567
107.261 2.370530051516886
107.509 2.370530051516886
111.003 2.3703286168062374
111.116 2.3703286168062374
114.579 2.5870284343953407
114.627 2.5870284343953407
117.546 2.6874175115207373
117.616 2.6874175115207373
119.786 2.5883129955187867
119.816 2.5883129955187867
122.717 1.2492469813391875
122.823 1.2492469813391875
136.488 2.392228791773779
136.629 2.392228791773779
139.741 2.377154724818276
139.82 2.377154724818276
142.709 2.189596795727637
142.821 2.189596795727637
146.566 3.725717288491855
146.806 3.725717288491855
148.709 2.1353181693614687
148.814 2.1353181693614687
152.463 1.4925976653696498
152.525 1.4925976653696498
157.665 3.7555028680688336
157.71 3.7555028680688336
159.802 1.0887680209698558
159.944 1.0887680209698558
166.048 1.4035986733001657
166.145 1.4035986733001657
170.969 2.241834347215723
171.02 2.241834347215723
