0.0 0.695888995215311
0.059 0.695888995215311
2.149 0.7016009019165728
2.269 0.7016009019165728
4.043 0.6997223264540338
4.166 0.6997223264540338
5.765 0.7041087202718007
5.869 0.7041087202718007
7.635 0.6984700854700855
7.781 0.6984700854700855
9.653 0.8377379767827529
9.776 0.8377379767827529
10.982 0.739216395418927
11.054 0.739216395418927
12.713 0.48799719298245614
12.897 0.48799719298245614
15.747 0.3072579001019368
15.986 0.3072579001019368
19.91 0.6929265255292653
20.187 0.6929265255292653
21.793 0.8691971701015072
21.971 0.8691971701015072
25.222 0.6281602191030469
25.376 0.6281602191030469
37.06 0.4083734518894887
37.168 0.4083734518894887
40.317 0.30768085561497327
40.575 0.30768085561497327
45.25 0.29476664035780054
45.491 0.29476664035780054
49.292 0.3162343526721921
49.575 0.3162343526721921
53.074 0.31316748499727226
53.264 0.31316748499727226
56.93 0.31550877192982457
57.165 0.31550877192982457
60.984 0.4594036528387371
61.267 0.4594036528387371
68.33 0.381920704845815
68.511 0.381920704845815
71.462 0.3147911155477914
71.82 0.3147911155477914
75.827 0.3062081008974048
76.065 0.3062081008974048
80.188 0.341159209157128
80.466 0.341159209157128
84.31 0.5587174023338407
84.552 0.5587174023338407
86.523 0.913643579766537
86.655 0.913643579766537
87.94 0.3332528798683489
88.059 0.3332528798683489
97.174 0.345819391634981
97.38 0.345819391634981
101.588 0.5781794538361509
101.692 0.5781794538361509
103.23 0.3267322520606222
103.378 0.3267322520606222
107.139 0.41847385047385044
107.51 0.41847385047385044
110.359 0.9307967479674797
110.45 0.9307967479674797
111.803 0.293547064305685
112.058 0.293547064305685
116.35 0.32915298827566486
116.595 0.32915298827566486
120.092 0.34849466950959485
120.335 0.34849466950959485
124.087 0.2917088247254982
124.307 0.2917088247254982
129.225 0.5533356401384083
129.402 0.5533356401384083
131.714 0.2729082426127527
131.965 0.2729082426127527
135.823 0.3851273291925466
136.103 0.3851273291925466
138.679 0.6007454450806871
138.937 0.6007454450806871
140.858 0.3684356949192502
140.977 0.3684356949192502
149.46 0.6405541125541125
149.574 0.6405541125541125
151.422 0.7590011723329426
151.575 0.7590011723329426
153.281 0.347288490284006
153.358 0.347288490284006
156.703 0.27647332531087043
157.029 0.27647332531087043
162.015 0.30639761522586567
162.293 0.30639761522586567
166.654 0.9450273062730628
166.853 0.9450273062730628
168.208 0.5147568513119534
168.349 0.5147568513119534
173.494 0.26778090366581414
173.946 0.26778090366581414
183.33 0.36961316872427985
183.607 0.36961316872427985
