0.0 1.9366284953395472
0.024 1.9366284953395472
0.775 1.963154574132492
0.824 1.963154574132492
1.458 1.9594676007005254
1.524 1.9594676007005254
2.095 1.9520502354788067
2.225 1.9520502354788067
2.862 1.9220595446584938
2.931 1.9220595446584938
4.644 1.9141170848267623
4.732 1.9141170848267623
8.08 1.9819753761969905
8.121 1.9819753761969905
11.776 3.0031490265486727
11.819 3.0031490265486727
14.644 3.463281218274112
14.712 3.463281218274112
16.682 4.0549661674986135
16.708 4.0549661674986135
18.511 3.422195630781342
18.614 3.422195630781342
23.695 3.242023130300694
23.817 3.242023130300694
29.005 3.449590944574551
29.115 3.449590944574551
34.239 3.94175140753573
34.314 3.94175140753573
38.932 3.9360137389597645
39.012 3.9360137389597645
43.088 4.002757787075779
43.21 4.002757787075779
47.512 3.525988835418672
47.616 3.525988835418672
52.811 3.7437164280845265
52.913 3.7437164280845265
57.314 3.4014566341183228
57.604 3.4014566341183228
62.827 3.6270405717889425
62.915 3.6270405717889425
67.672 3.847720820561188
67.714 3.847720820561188
71.955 3.887003051881994
72.014 3.887003051881994
73.98 3.8857039638735573
74.014 3.8857039638735573
76.007 3.9003904071388735
76.114 3.9003904071388735
77.907 1.6258661710037174
78.012 1.6258661710037174
88.772 3.875657754010695
88.814 3.875657754010695
90.684 3.5871686797167843
90.709 3.5871686797167843
93.11 3.280462952947539
93.216 3.280462952947539
95.065 4.057551616266944
95.115 4.057551616266944
97.033 4.0281805490926015
97.109 4.0281805490926015
101.407 3.0438501980554555
101.513 3.0438501980554555
107.067 2.90593877896161
107.118 2.90593877896161
113.031 3.7074010152284265
113.12 3.7074010152284265
117.848 3.51336431726522
117.914 3.51336431726522
123.121 3.9632844341188185
123.217 3.9632844341188185
126.23 3.83911337061515
126.313 3.83911337061515
128.28 4.183426111908178
128.313 4.183426111908178
129.707 3.9339903824135565
130.002 3.9339903824135565
134.369 4.028069844266163
134.413 4.028069844266163
138.651 4.187551219512195
138.713 4.187551219512195
142.813 3.954038443506798
142.913 3.954038443506798
147.179 3.8166778772657786
147.212 3.8166778772657786
151.791 3.784932887402453
151.913 3.784932887402453
156.398 3.8359585133967156
156.515 3.8359585133967156
161.143 3.5932361023039525
161.216 3.5932361023039525
165.947 3.6016128256513027
166.016 3.6016128256513027
171.006 3.6418570102135566
171.306 3.6418570102135566
175.614 3.791531999120299
175.718 3.791531999120299
180.265 3.79525612177366
180.313 3.79525612177366
