0.0 1.4272894995093228
0.033 1.4272894995093228
1.052 1.4422247972190034
1.129 1.4422247972190034
1.992 1.4362721437740693
2.128 1.4362721437740693
2.907 1.4391851851851851
3.027 1.4391851851851851
3.891 2.326576512455516
4.028 2.326576512455516
4.59 3.4720871934604904
4.721 3.4720871934604904
5.455 3.353759259259259
5.512 3.353759259259259
7.672 3.5057421487603304
7.716 3.5057421487603304
10.136 2.4023464788732394
10.206 2.4023464788732394
13.046 1.7271684384597212
13.14 1.7271684384597212
17.373 2.792924219910847
17.41 2.792924219910847
20.102 2.528220461591457
20.221 2.528220461591457
23.124 4.511499702203692
23.22 4.511499702203692
24.899 4.599041940373926
25.012 4.599041940373926
28.97 4.226341412012644
29.014 4.226341412012644
32.81 2.388661950339853
32.921 2.388661950339853
40.13 2.840364707706621
40.216 2.840364707706621
46.665 2.829485832045337
46.717 2.829485832045337
52.54 2.7357265167847244
52.612 2.7357265167847244
59.106 2.527663639027249
59.214 2.527663639027249
66.04 2.0724135128270254
66.122 2.0724135128270254
73.996 4.848888324873096
74.108 4.848888324873096
75.684 4.756884520884521
75.81 4.756884520884521
77.438 3.396503156872268
77.512 3.396503156872268
79.571 3.2907961520842877
79.615 3.2907961520842877
81.798 2.9141455568958587
81.917 2.9141455568958587
84.404 4.4441651186790505
84.511 4.4441651186790505
86.449 3.209299470899471
86.508 3.209299470899471
88.398 3.9665565749235476
88.51 3.9665565749235476
90.472 3.8984733168205357
90.512 3.8984733168205357
94.953 3.5066467537855215
95.015 3.5066467537855215
99.836 3.34361081922553
99.914 3.34361081922553
105.053 2.396580803937654
105.11 2.396580803937654
112.424 1.8719009516013507
112.519 1.8719009516013507
122.292 2.628385526737112
122.421 2.628385526737112
125.544 1.932327533265097
125.612 1.932327533265097
129.52 2.0701796237131704
129.626 2.0701796237131704
132.443 1.9427415265200518
132.551 1.9427415265200518
136.416 2.1968328800241768
136.523 2.1968328800241768
139.832 2.1380287191269387
139.919 2.1380287191269387
143.401 2.923627075351213
143.522 2.923627075351213
145.871 3.3675728952772075
145.916 3.3675728952772075
148.351 3.029931623931624
148.603 3.029931623931624
150.943 2.5538433300557193
151.014 2.5538433300557193
154.065 2.2724976303317534
154.121 2.2724976303317534
157.497 2.4574638723803566
157.621 2.4574638723803566
160.818 3.149687203791469
160.915 3.149687203791469
163.025 2.2324299373557532
163.115 2.2324299373557532
166.148 2.1292444444444447
166.218 2.1292444444444447
