0.0 1.1327165109034267
0.038 1.1327165109034267
1.322 1.1450229990800367
1.441 1.1450229990800367
2.528 1.1405259938837922
2.644 1.1405259938837922
3.625 1.1418328741965107
3.741 1.1418328741965107
4.83 1.135013888888889
4.936 1.135013888888889
6.088 1.1506970387243736
6.242 1.1506970387243736
7.12 1.1397397769516728
7.243 1.1397397769516728
8.319 1.1195802761341223
8.447 1.1195802761341223
13.517 1.1206741130091984
13.654 1.1206741130091984
19.742 1.1529891184355778
19.835 1.1529891184355778
26.176 1.1780871200250707
26.234 1.1780871200250707
32.616 1.1113603876438523
32.738 1.1113603876438523
39.342 1.0365090311986864
39.445 1.0365090311986864
46.753 1.2067181208053692
46.841 1.2067181208053692
48.033 1.2178347826086957
48.134 1.2178347826086957
49.054 1.2159384615384616
49.134 1.2159384615384616
50.044 1.1992721229746572
50.145 1.1992721229746572
52.552 1.1306191739295188
52.663 1.1306191739295188
55.302 1.1104521172638435
55.44 1.1104521172638435
60.045 1.175260814249364
60.141 1.175260814249364
66.429 0.8315262298904174
66.538 0.8315262298904174
75.116 0.7623768115942029
75.426 0.7623768115942029
77.082 0.8945538881309686
77.162 0.8945538881309686
78.628 1.2114763476347634
78.739 1.2114763476347634
79.648 1.1801885986528668
79.739 1.1801885986528668
85.826 1.1683830404642914
85.935 1.1683830404642914
92.138 1.188791166321601
92.236 1.188791166321601
99.481 1.1918993908429947
99.72 1.1918993908429947
104.809 1.183632547528517
104.936 1.183632547528517
111.511 1.2018467741935484
111.64 1.2018467741935484
112.632 1.198256898192198
112.914 1.198256898192198
113.965 1.1964900284900284
114.036 1.1964900284900284
115.089 1.2017351746547522
115.238 1.2017351746547522
117.7 1.2197313432835821
117.839 1.2197313432835821
118.911 1.199067264573991
119.041 1.199067264573991
121.717 1.1668009888751545
121.839 1.1668009888751545
128.311 1.2096444721012238
128.617 1.2096444721012238
133.438 1.1145459403295235
133.535 1.1145459403295235
140.272 1.0989145880574451
140.35 1.0989145880574451
146.965 1.171458064516129
147.044 1.171458064516129
153.399 1.206670744138634
153.539 1.206670744138634
154.52 1.196724584103512
154.642 1.196724584103512
155.724 1.2100833333333332
155.836 1.2100833333333332
156.796 1.1710915163660653
156.938 1.1710915163660653
159.932 1.1670552102376601
160.044 1.1670552102376601
162.779 1.1679072394826817
163.026 1.1679072394826817
169.753 1.1690131926121372
169.843 1.1690131926121372
175.528 1.1724606060606062
175.638 1.1724606060606062
181.413 1.193820084724645
181.543 1.193820084724645
