0.0 2.7969384615384616
0.015 2.7969384615384616
0.535 2.815927601809955
0.614 2.815927601809955
1.056 2.8111959798994977
1.112 2.8111959798994977
1.51 2.7656781193490056
1.62 2.7656781193490056
2.726 3.0528300153139356
2.817 3.0528300153139356
5.429 4.110624759461193
5.51 4.110624759461193
7.069 2.6039252336448597
7.11 2.6039252336448597
9.892 3.799326466636811
10.011 3.799326466636811
12.244 3.713584462511292
12.314 3.713584462511292
16.742 3.635786297925833
16.813 3.635786297925833
21.586 3.387526982271576
21.713 3.387526982271576
26.846 4.107354334554335
26.908 4.107354334554335
31.003 4.233701556886228
31.11 4.233701556886228
35.285 4.918402593893542
35.407 4.918402593893542
39.108 4.919715424716345
39.208 4.919715424716345
42.469 4.764765910348644
42.506 4.764765910348644
46.12 4.6943905689390055
46.398 4.6943905689390055
50.3 4.620329781267526
50.409 4.620329781267526
53.975 4.487448345541803
54.007 4.487448345541803
57.966 4.52381541688516
58.009 4.52381541688516
61.823 5.144446406052963
61.906 5.144446406052963
65.078 5.145316784869977
65.107 5.145316784869977
68.491 5.140887474689037
68.61 5.140887474689037
72.067 5.142327044025158
72.107 5.142327044025158
75.287 5.116794384322901
75.406 5.116794384322901
78.825 4.814707833047456
79.101 4.814707833047456
82.599 4.820096579476861
82.708 4.820096579476861
86.684 5.0387684445863945
86.808 5.0387684445863945
89.939 5.1082596470236314
90.007 5.1082596470236314
93.35 5.102599469496021
93.408 5.102599469496021
96.801 5.066090500449505
96.907 5.066090500449505
100.244 5.062703594578668
100.308 5.062703594578668
103.702 4.879897550111358
103.807 4.879897550111358
107.399 4.821847127042699
107.509 4.821847127042699
111.303 4.413649533827396
111.601 4.413649533827396
115.784 4.175166504381694
115.911 4.175166504381694
120.019 4.140805607980587
120.108 4.140805607980587
123.817 3.4229400278940028
123.911 3.4229400278940028
128.93 3.4210340681362728
129.013 3.4210340681362728
134.003 3.8426499552372424
134.114 3.8426499552372424
138.582 4.06554061219571
138.71 4.06554061219571
142.859 4.221393236714976
142.911 4.221393236714976
147.051 4.536457509353287
147.109 4.536457509353287
150.851 4.437094726318421
151.101 4.437094726318421
155.102 3.6378343676439115
155.213 3.6378343676439115
159.886 3.637330095122445
160.012 3.637330095122445
164.953 3.681163772876584
165.014 3.681163772876584
169.276 3.708345020434502
169.313 3.708345020434502
173.962 3.714139896373057
174.012 3.714139896373057
