0.0 3.023717255717256
0.016 3.023717255717256
0.497 3.020970873786408
0.618 3.020970873786408
1.03 3.0321300813008127
1.117 3.0321300813008127
1.486 2.981325536062378
1.522 2.981325536062378
2.548 3.0175368852459012
2.619 3.0175368852459012
6.523 2.2368111692844677
6.621 2.2368111692844677
9.486 1.477487252702427
9.547 1.477487252702427
14.45 2.8450355466130115
14.518 2.8450355466130115
17.5 2.211560453808752
17.621 2.211560453808752
20.706 2.0467816349384096
20.821 2.0467816349384096
24.393 2.5845830182193192
24.52 2.5845830182193192
27.429 2.444030636030636
27.518 2.444030636030636
30.521 2.44112407347728
30.617 2.44112407347728
33.72 2.4401506768687464
34.008 2.4401506768687464
37.406 2.441696879643388
37.517 2.441696879643388
40.209 2.1740830144244923
40.325 2.1740830144244923
43.722 2.247483870967742
43.823 2.247483870967742
47.264 2.984714406065712
47.315 2.984714406065712
49.689 3.205543204868154
49.821 3.205543204868154
52.286 3.1881104400345124
52.41 3.1881104400345124
54.728 2.247269061121613
54.819 2.247269061121613
57.993 1.6512203975799482
58.13 1.6512203975799482
62.758 2.283080188679245
63.014 2.283080188679245
66.406 2.2846782097353806
66.52 2.2846782097353806
69.581 2.620871214885079
69.621 2.620871214885079
72.362 3.5825407810182894
72.416 3.5825407810182894
74.439 3.3711000879507473
74.518 3.3711000879507473
80.203 2.2716175665946725
80.316 2.2716175665946725
87.261 3.6473541221700128
87.315 3.6473541221700128
91.997 3.636446124763705
92.115 3.636446124763705
96.876 3.3265533254624167
96.917 3.3265533254624167
101.999 3.324848297213622
102.118 3.324848297213622
107.286 3.6624722106142915
107.418 3.6624722106142915
112.204 3.674249447680257
112.31 3.674249447680257
117.289 3.0186880313930673
117.604 3.0186880313930673
123.72 3.014338137082601
123.814 3.014338137082601
129.504 3.6874545018007203
129.614 3.6874545018007203
133.779 3.7041259163432514
133.816 3.7041259163432514
138.454 3.709465449804433
138.515 3.709465449804433
143.117 3.604652529918119
143.216 3.604652529918119
147.979 3.5259046822742475
148.017 3.5259046822742475
152.801 3.622837479270315
152.915 3.622837479270315
157.739 3.62567791542076
157.817 3.62567791542076
162.499 2.899804986974321
162.616 2.899804986974321
165.303 2.8733902621722844
165.419 2.8733902621722844
168.089 2.8863012490815576
168.22 2.8863012490815576
170.942 2.885731654363873
171.022 2.885731654363873
173.325 2.8763636363636365
173.419 2.8763636363636365
175.773 2.983063511830635
175.82 2.983063511830635
