0.0 6.641132420091324
0.007 6.641132420091324
0.226 6.655828877005348
0.305 6.655828877005348
0.492 6.5115916473317865
0.606 6.5115916473317865
1.037 6.5220469083155646
1.106 6.5220469083155646
1.575 4.1133889016808665
1.606 4.1133889016808665
5.949 4.653385260635111
6.009 4.653385260635111
9.347 4.601514262863237
9.406 4.601514262863237
13.157 6.728378993756885
13.205 6.728378993756885
15.928 6.717218954248366
16.003 6.717218954248366
18.451 6.832129133858268
18.504 6.832129133858268
21.044 6.834974842767296
21.105 6.834974842767296
23.649 6.790317319337909
23.706 6.790317319337909
26.183 6.787904761904762
26.498 6.787904761904762
29.102 6.78710216256525
29.205 6.78710216256525
31.887 6.792206604572396
32.005 6.792206604572396
34.367 6.792845759368836
34.405 6.792845759368836
36.94 6.824706408345753
37.005 6.824706408345753
39.689 6.8224
39.805 6.8224
42.22 6.597032305978463
42.305 6.597032305978463
44.998 6.5529175845043675
45.104 6.5529175845043675
47.737 6.485764705882353
47.806 6.485764705882353
50.322 6.3755957524716225
50.6 6.3755957524716225
53.331 6.331331670822943
53.406 6.331331670822943
56.213 5.638827586206896
56.304 5.638827586206896
59.204 4.155420427553444
59.309 4.155420427553444
63.519 4.158480987654321
63.609 4.158480987654321
67.659 4.706459724950884
67.711 4.706459724950884
71.783 4.802552207001522
71.91 4.802552207001522
75.195 4.009606010800657
75.308 4.009606010800657
79.567 3.5904437992534217
79.612 3.5904437992534217
84.434 3.6076705078958597
84.703 3.6076705078958597
89.389 3.6574746700723715
89.512 3.6574746700723715
94.21 3.5794551766387586
94.312 3.5794551766387586
99.209 1.7988287118977384
99.314 1.7988287118977384
109.484 4.771852158180408
109.622 4.771852158180408
113.491 3.928443426477325
113.613 3.928443426477325
117.979 2.941066258138644
118.019 2.941066258138644
123.241 2.7256442963668097
123.314 2.7256442963668097
129.617 3.230077578051088
129.714 3.230077578051088
134.999 2.095308762509153
135.302 2.095308762509153
143.496 1.5749559082892417
143.634 1.5749559082892417
150.438 2.22887741234031
150.536 2.22887741234031
154.215 2.1977805331680096
154.318 2.1977805331680096
157.544 2.0816927598183272
157.62 2.0816927598183272
161.363 1.6481099892588613
161.426 1.6481099892588613
166.081 1.7900460241512874
166.13 1.7900460241512874
170.519 1.9141244239631336
170.624 1.9141244239631336
174.096 2.042521870286576
174.224 2.042521870286576
177.539 3.5278350515463917
177.608 3.5278350515463917
