0.0 0.8825291262135923
0.05 0.8825291262135923
1.698 0.9069936920222634
1.875 0.9069936920222634
7.265 1.8616169519152403
7.33 1.8616169519152403
9.784 2.35419151977132
9.824 2.35419151977132
11.923 2.5502890625
12.022 2.5502890625
14.07 3.0899054966248793
14.122 3.0899054966248793
16.196 6.250319240724762
16.309 6.250319240724762
17.468 6.506055214723926
17.506 6.506055214723926
18.81 6.6757964774951075
18.906 6.6757964774951075
19.928 4.827151043115438
20.011 4.827151043115438
23.606 3.5551371907585363
23.712 3.5551371907585363
28.603 13.16088888888889
28.705 13.16088888888889
29.983 11.123791063561988
30.104 11.123791063561988
31.693 5.5906044226044225
31.805 5.5906044226044225
35.061 3.899657754010695
35.11 3.899657754010695
39.224 3.900308946772367
39.314 3.900308946772367
43.729 2.6682464675892206
43.813 2.6682464675892206
50.678 5.3217364341085265
50.901 5.3217364341085265
53.997 7.631360824742268
54.109 7.631360824742268
56.437 10.750051090342678
56.506 10.750051090342678
58.111 7.301200894854587
58.208 7.301200894854587
60.443 5.3003811263318115
60.505 5.3003811263318115
63.79 8.548363636363636
63.908 8.548363636363636
65.987 8.552615062761506
66.108 8.552615062761506
68.02 7.457084398976982
68.106 7.457084398976982
70.452 6.712573933838183
70.506 6.712573933838183
73.015 6.710330532212885
73.3 6.710330532212885
76.156 6.913402278702892
76.209 6.913402278702892
78.491 7.263680136112293
78.608 7.263680136112293
80.959 7.317464074387152
81.006 7.317464074387152
83.372 6.542393188854489
83.406 6.542393188854489
85.99 3.2177558052434456
86.116 3.2177558052434456
91.456 3.2215754456901307
91.514 3.2215754456901307
96.955 2.27199304520616
97.019 2.27199304520616
105.071 1.1135281061519904
105.128 1.1135281061519904
121.708 0.5905635410964261
121.898 0.5905635410964261
134.685 1.5243394658753708
134.738 1.5243394658753708
136.423 1.6252588744588745
136.533 1.6252588744588745
141.153 1.9583297413793102
141.223 1.9583297413793102
144.935 2.355891139240506
145.018 2.355891139240506
148.178 1.7709128416709643
148.216 1.7709128416709643
152.094 1.376076522906528
152.232 1.376076522906528
158.191 2.376018766756032
158.32 2.376018766756032
161.304 2.8847745279526102
161.606 2.8847745279526102
164.307 5.452702203269368
164.412 5.452702203269368
165.819 6.445046759639048
165.909 6.445046759639048
167.128 6.329371428571428
167.21 6.329371428571428
168.26 5.1325084846680555
168.31 5.1325084846680555
171.669 2.5767836441249155
171.709 2.5767836441249155
