0.0 5.615474903474904
0.009 5.615474903474904
0.268 5.63185520361991
0.308 5.63185520361991
0.529 5.52459842519685
0.607 5.52459842519685
1.115 5.511423423423424
1.208 5.511423423423424
1.763 5.533593277310924
1.812 5.533593277310924
2.407 4.951546063117628
2.508 4.951546063117628
5.645 4.521949174744564
5.709 4.521949174744564
9.526 5.672252631578948
9.607 5.672252631578948
12.837 5.292485355648536
12.906 5.292485355648536
16.013 3.919947594307658
16.111 3.919947594307658
20.538 4.820675353479346
20.608 4.820675353479346
24.215 4.221791164658635
24.306 4.221791164658635
28.29 3.4828973399014775
28.413 3.4828973399014775
33.488 6.083893048128342
33.801 6.083893048128342
36.793 6.693029620358781
36.906 6.693029620358781
39.303 6.243605511240029
39.404 6.243605511240029
42.162 7.929658874458874
42.205 7.929658874458874
44.515 7.179126797385621
44.606 7.179126797385621
46.901 5.863302970297029
47.004 5.863302970297029
50.034 4.517892642052893
50.106 4.517892642052893
53.925 3.3806057592707686
54.017 3.3806057592707686
58.844 6.472770260223048
58.911 6.472770260223048
61.601 4.474332326283988
61.901 4.474332326283988
65.873 4.05469873543268
65.912 4.05469873543268
69.945 4.7358743909041685
70.009 4.7358743909041685
73.703 4.773766439909298
73.808 4.773766439909298
77.336 4.036374052232519
77.408 4.036374052232519
82.156 3.1514950059928086
82.212 3.1514950059928086
87.218 2.743719794344473
87.316 2.743719794344473
93.54 4.194069767441861
93.611 4.194069767441861
97.739 3.280082266201009
97.812 3.280082266201009
102.966 3.2617342444950648
103.207 3.2617342444950648
108.475 3.7590804203302595
108.614 3.7590804203302595
113.277 3.7915208290155444
113.307 3.7915208290155444
118.132 3.6968954745694833
118.211 3.6968954745694833
123.205 3.3696628683693515
123.312 3.3696628683693515
128.402 2.435883901665345
128.515 2.435883901665345
134.82 3.1591338250790306
134.921 3.1591338250790306
138.717 3.554679706601467
138.819 3.554679706601467
140.864 3.5265826622453815
140.913 3.5265826622453815
143.024 2.7985330073349632
143.114 2.7985330073349632
145.568 2.418890855457227
145.623 2.418890855457227
149.013 2.329950706539599
149.118 2.329950706539599
152.161 2.5396923076923077
152.218 2.5396923076923077
155.286 1.918467616904226
155.417 1.918467616904226
159.416 1.8317817673117276
159.527 1.8317817673117276
163.816 1.8826742209631728
164.109 1.8826742209631728
167.639 2.0693643031784843
167.722 2.0693643031784843
170.994 2.20875979714154
171.124 2.20875979714154
