0.0 4.631872611464968
0.01 4.631872611464968
0.324 4.5649785407725325
0.436 4.5649785407725325
1.135 4.563844155844156
1.214 4.563844155844156
2.215 4.184459644322845
2.309 4.184459644322845
3.04 3.9184235872235873
3.115 3.9184235872235873
5.15 5.510287188306105
5.209 5.510287188306105
6.372 3.1740125045972785
6.408 3.1740125045972785
11.846 2.18998039684437
11.919 2.18998039684437
20.285 2.229963656088961
20.42 2.229963656088961
27.794 2.7820030441400303
27.918 2.7820030441400303
30.546 3.01707544141252
30.617 3.01707544141252
33.109 2.810962849482957
33.212 2.810962849482957
35.823 1.8579367181751287
36.107 1.8579367181751287
40.184 1.7904544049459041
40.323 1.7904544049459041
42.264 1.7928670212765958
42.323 1.7928670212765958
43.827 2.1338033503277494
43.92 2.1338033503277494
45.293 2.7327180212014137
45.419 2.7327180212014137
48.249 2.9935411913814955
48.314 2.9935411913814955
50.681 4.358336458907887
50.812 4.358336458907887
52.625 4.098746533555186
52.711 4.098746533555186
54.514 3.3268805970149256
54.612 3.3268805970149256
56.756 6.683973896353168
56.806 6.683973896353168
59.411 3.111897741201191
59.51 3.111897741201191
65.221 3.1617556071152357
65.314 3.1617556071152357
70.486 3.1498595606769895
70.62 3.1498595606769895
76.174 3.0694091488973942
76.211 3.0694091488973942
81.698 2.129648183131459
81.815 2.129648183131459
90.814 2.3936764009471188
90.924 2.3936764009471188
93.458 2.5391138662316477
93.517 2.5391138662316477
96.582 2.275944023323615
96.726 2.275944023323615
100.156 2.1283679561376787
100.217 2.1283679561376787
103.5 1.9017743462017433
103.628 1.9017743462017433
107.643 2.6598407212622086
107.72 2.6598407212622086
110.382 2.7691848879973255
110.417 2.7691848879973255
113.408 3.2431639668115366
113.517 3.2431639668115366
116.048 3.957828092243187
116.303 3.957828092243187
118.211 2.918709236031927
118.315 2.918709236031927
123.577 3.7790884293884734
123.619 3.7790884293884734
128.165 2.3458787962072285
128.223 2.3458787962072285
135.5 2.516704778657285
135.626 2.516704778657285
142.448 3.2696119402985073
142.517 3.2696119402985073
147.676 2.3976633283029223
147.717 2.3976633283029223
155.006 1.665213888888889
155.131 1.665213888888889
158.011 1.8468300545152878
158.126 1.8468300545152878
162.345 2.19010904938624
162.61 2.19010904938624
166.113 2.3858220467658673
166.224 2.3858220467658673
169.517 2.6247393364928913
169.621 2.6247393364928913
172.153 3.036304932735426
172.217 3.036304932735426
174.447 2.140661304736372
174.515 2.140661304736372
