0.0 4.488913580246914
0.012 4.488913580246914
0.336 4.425686546463246
0.417 4.425686546463246
1.138 4.440658227848101
1.212 4.440658227848101
1.844 4.445988372093023
1.912 4.445988372093023
2.6 2.873026178010471
2.718 2.873026178010471
3.864 1.977920987654321
3.954 1.977920987654321
7.194 2.7702179732313574
7.311 2.7702179732313574
9.926 2.248580970050358
10.026 2.248580970050358
13.799 3.55162103071317
13.914 3.55162103071317
15.835 4.04823034330011
15.91 4.04823034330011
17.716 2.893207321131448
17.82 2.893207321131448
23.83 2.619469864507086
23.922 2.619469864507086
30.343 2.3847415002698327
30.425 2.3847415002698327
37.837 2.1768527172486216
38.108 2.1768527172486216
41.917 2.185188829787234
42.02 2.185188829787234
45.028 1.0678658183921341
45.119 1.0678658183921341
52.035 0.8557698351222751
52.153 0.8557698351222751
61.19 0.98212771560237
61.346 0.98212771560237
64.384 0.9168898128898129
64.457 0.9168898128898129
65.9 0.9074460547504026
66.06 0.9074460547504026
67.302 0.928158940397351
67.45 0.928158940397351
68.809 1.198951566951567
68.94 1.198951566951567
69.993 1.1461048128342246
70.144 1.1461048128342246
72.949 0.9667486818980668
73.074 0.9667486818980668
75.919 2.7252685887708648
76.014 2.7252685887708648
78.65 1.5354830508474577
78.76 1.5354830508474577
83.48 1.856605302866997
83.525 1.856605302866997
88.164 2.178727011494253
88.226 2.178727011494253
91.01 2.8135878524945768
91.114 2.8135878524945768
93.88 4.303466372657112
93.911 4.303466372657112
95.725 3.8905523385300667
95.811 3.8905523385300667
97.607 4.502834381551363
97.716 4.502834381551363
101.532 3.397013953488372
101.616 3.397013953488372
106.776 5.324239813736904
106.818 5.324239813736904
110.254 4.049637201140601
110.306 4.049637201140601
114.865 3.2477909486839613
114.916 3.2477909486839613
120.197 6.825888
120.312 6.825888
122.562 3.536380403458213
122.61 3.536380403458213
127.468 3.575819019689987
127.525 3.575819019689987
132.299 5.216943178365239
132.603 5.216943178365239
135.894 7.587911830859199
136.013 7.587911830859199
138.236 6.366691438979964
138.311 6.366691438979964
141.056 4.313957814485388
141.109 4.313957814485388
145.044 4.609923656193197
145.114 4.609923656193197
148.965 6.240675477239354
149.014 6.240675477239354
151.738 7.401996705107084
151.809 7.401996705107084
154.237 7.976166751398068
154.311 7.976166751398068
156.278 7.450343993085566
156.308 7.450343993085566
158.622 6.679827606290041
158.902 6.679827606290041
