0.0 0.870902994011976
0.053 0.870902994011976
1.723 0.869769392033543
1.861 0.869769392033543
3.292 0.8747896794370602
3.458 0.8747896794370602
4.737 0.8683351955307264
4.849 0.8683351955307264
6.281 0.8705299600532623
6.349 0.8705299600532623
7.851 0.8754870017331022
7.959 0.8754870017331022
9.113 0.8734757834757835
9.252 0.8734757834757835
10.656 0.8622393056416615
10.754 0.8622393056416615
12.367 0.8549704260651629
12.463 0.8549704260651629
20.443 0.8159714285714286
20.552 0.8159714285714286
29.512 0.6631911163062537
29.667 0.6631911163062537
31.378 0.636040733197556
31.644 0.636040733197556
33.608 0.6854840085287847
33.778 0.6854840085287847
35.654 0.7671509333333334
35.764 0.7671509333333334
37.639 0.6613863134657837
37.781 0.6613863134657837
41.858 0.5540302571860817
41.987 0.5540302571860817
47.275 0.6162715754243365
47.551 0.6162715754243365
60.1 0.8846754772393539
60.257 0.8846754772393539
61.619 0.9156207612456748
61.751 0.9156207612456748
63.196 0.9200391836734695
63.355 0.9200391836734695
64.58 0.892687898089172
64.832 0.892687898089172
66.245 0.7873866601033719
66.368 0.7873866601033719
70.431 0.7949614243323442
70.737 0.7949614243323442
74.781 0.7898908673176336
74.854 0.7898908673176336
78.336 0.7263708796764409
78.467 0.7263708796764409
88.357 0.7415819093420648
88.632 0.7415819093420648
98.405 0.6702938737908797
98.563 0.6702938737908797
100.734 0.6528928046989722
100.884 0.6528928046989722
102.246 0.6505240868184224
102.377 0.6505240868184224
104.266 0.650071973827699
104.549 0.650071973827699
106.383 0.6434090704984283
106.476 0.6434090704984283
110.93 0.5851853228053878
111.082 0.5851853228053878
113.235 0.6899888059701492
113.393 0.6899888059701492
117.681 0.7996842615012107
117.757 0.7996842615012107
121.887 0.6256537287396423
122.09 0.6256537287396423
124.383 0.4786053123830902
124.481 0.4786053123830902
127.154 0.44651399491094146
127.317 0.44651399491094146
129.675 0.44309423849933005
129.812 0.44309423849933005
132.051 0.5543175232575873
132.215 0.5543175232575873
145.329 0.4899665169456921
145.501 0.4899665169456921
147.95 0.46330489236790606
148.107 0.46330489236790606
150.662 0.36557199322416717
150.827 0.36557199322416717
154.369 0.3707883817427386
154.533 0.3707883817427386
157.666 0.5446448044251284
157.831 0.5446448044251284
160.362 0.4972575167471569
160.489 0.4972575167471569
166.908 0.4456686942990522
167.125 0.4456686942990522
174.194 0.47234242910647406
174.412 0.47234242910647406
180.019 0.5401185860889396
180.347 0.5401185860889396
182.101 0.5489975550122249
182.302 0.5489975550122249
