0.0 0.5997558762886598
0.077 0.5997558762886598
2.502 0.6039010189228531
2.678 0.6039010189228531
4.739 0.6012122514777002
4.879 0.6012122514777002
6.74 0.6030339476236664
6.88 0.6030339476236664
8.942 0.5913776571687019
9.082 0.5913776571687019
11.293 0.5679100618324903
11.481 0.5679100618324903
13.26 0.5482163611980331
13.391 0.5482163611980331
15.628 0.550590657165479
15.78 0.550590657165479
18.306 0.5505388127853881
18.502 0.5505388127853881
20.692 0.4959180035650624
20.889 0.4959180035650624
23.133 0.4681188118811881
23.316 0.4681188118811881
25.74 0.5861223446733749
25.949 0.5861223446733749
38.471 0.5702740576496674
38.569 0.5702740576496674
40.824 0.5238193736343772
40.986 0.5238193736343772
43.732 0.5287437470504954
43.894 0.5287437470504954
46.013 0.6178135120044668
46.197 0.6178135120044668
47.988 1.128881022615536
48.053 1.128881022615536
49.07 1.0380474655728098
49.134 1.0380474655728098
55.96 1.2180767689224603
56.024 1.2180767689224603
62.511 0.8089808429118774
62.838 0.8089808429118774
71.973 0.9872431833910034
72.093 0.9872431833910034
79.318 2.2464341637010676
79.417 2.2464341637010676
79.979 1.4603741648106905
80.025 1.4603741648106905
80.923 0.703213282247765
81.08 0.703213282247765
82.646 0.885370233702337
82.785 0.885370233702337
86.037 1.1359760658189977
86.141 1.1359760658189977
88.815 1.0966670959433353
88.941 1.0966670959433353
92.047 0.6307139440573984
92.157 0.6307139440573984
101.774 2.1971722190852625
102.006 2.1971722190852625
105.548 1.8961593393247511
105.629 1.8961593393247511
109.746 2.0154115950389384
109.822 2.0154115950389384
113.289 2.020006349206349
113.418 2.020006349206349
117.198 2.0172353276353276
117.32 2.0172353276353276
120.83 1.97158581290169
120.92 1.97158581290169
125.121 1.9717626711506124
125.222 1.9717626711506124
129.385 1.9972324781803756
129.419 1.9972324781803756
133.2 1.91391401378405
133.324 1.91391401378405
136.371 1.6140791057609631
136.615 1.6140791057609631
141.267 1.8164217891054473
141.325 1.8164217891054473
145.327 1.9524301075268817
145.425 1.9524301075268817
149.238 2.152178000626763
149.32 2.152178000626763
152.511 2.1415617654740142
152.62 2.1415617654740142
156.449 2.140066405070933
156.519 2.140066405070933
159.832 2.05290541632983
159.925 2.05290541632983
162.399 2.0099428870840974
162.523 2.0099428870840974
166.34 2.0108809828512926
166.421 2.0108809828512926
170.328 1.8762958780350083
170.612 1.8762958780350083
174.154 1.8260409924487595
174.224 1.8260409924487595
177.932 1.8285496183206107
178.022 1.8285496183206107
