0.0 3.5130628019323673
0.01 3.5130628019323673
0.424 3.5258923512747873
0.517 3.5258923512747873
0.87 3.4776902106567538
0.918 3.4776902106567538
1.725 3.4759545454545453
1.812 3.4759545454545453
2.692 3.484114285714286
2.813 3.484114285714286
3.758 3.4716597164303584
3.812 3.4716597164303584
5.011 3.4694061302681996
5.114 3.4694061302681996
7.202 3.32441065830721
7.315 3.32441065830721
9.867 3.3953648564939085
9.919 3.3953648564939085
14.762 3.5973482587064676
14.815 3.5973482587064676
19.639 3.605261455525606
19.713 3.605261455525606
24.536 3.426281523731921
24.617 3.426281523731921
29.526 3.395908549471662
29.616 3.395908549471662
34.821 3.316874635568513
34.914 3.316874635568513
40.402 3.53919964703287
40.517 3.53919964703287
45.05 3.4078495943004152
45.116 3.4078495943004152
50.169 3.5084298027197858
50.405 3.5084298027197858
55.626 3.7352291997279528
55.718 3.7352291997279528
60.129 3.44967145631068
60.213 3.44967145631068
65.363 3.8461317020510974
65.418 3.8461317020510974
68.197 3.4862326490713587
68.313 3.4862326490713587
70.359 3.402425645592164
70.414 3.402425645592164
72.66 3.3452302375809935
72.714 3.3452302375809935
75.029 3.3557581573896353
75.118 3.3557581573896353
77.202 3.480527131782946
77.316 3.480527131782946
79.38 3.476009592326139
79.416 3.476009592326139
81.501 3.513880454712138
81.614 3.513880454712138
87.068 3.324143278550358
87.117 3.324143278550358
91.863 3.566606516290727
91.915 3.566606516290727
96.703 3.29334601483736
96.81 3.29334601483736
102.067 2.97318747801618
102.119 2.97318747801618
107.805 2.5220631146337884
107.917 2.5220631146337884
114.73 3.0598513396715643
114.826 3.0598513396715643
117.14 3.505134151502328
117.216 3.505134151502328
119.579 3.338124440829606
119.614 3.338124440829606
122.073 3.3354840989399297
122.118 3.3354840989399297
124.382 3.4983179364127173
124.417 3.4983179364127173
126.084 3.5301814762576402
126.116 3.5301814762576402
128.243 3.4182939527432916
128.315 3.4182939527432916
133.309 3.534889849701462
133.416 3.534889849701462
138.273 3.7056080843585235
138.31 3.7056080843585235
142.862 3.8802326820603907
142.909 3.8802326820603907
147.413 3.704806634657355
147.514 3.704806634657355
152.096 3.496713807366555
152.216 3.496713807366555
157.293 3.451695431472081
157.418 3.451695431472081
162.343 3.2759839591687934
162.418 3.2759839591687934
167.904 3.5375693348365274
168.205 3.5375693348365274
172.64 3.0968377941440632
172.715 3.0968377941440632
178.282 3.4504404332129965
178.317 3.4504404332129965
