0.0 0.9663840531561462
0.043 0.9663840531561462
1.548 0.9731352619233776
1.648 0.9731352619233776
2.927 0.9720729800173762
3.058 0.9720729800173762
4.209 0.9377496229260934
4.348 0.9377496229260934
5.674 0.8793113651647613
5.756 0.8793113651647613
7.243 0.8260932134096485
7.361 0.8260932134096485
8.584 0.8192117568470273
8.658 0.8192117568470273
10.155 0.8506373088685015
10.259 0.8506373088685015
11.894 0.8856002076843198
12.077 0.8856002076843198
19.781 0.4938266801756163
19.869 0.4938266801756163
34.674 0.41172714078374456
34.799 0.41172714078374456
37.555 0.3181823739174732
37.9 0.3181823739174732
41.826 0.31815141019297377
42.055 0.31815141019297377
46.097 0.46206488917442984
46.365 0.46206488917442984
49.478 0.6380455580865604
49.572 0.6380455580865604
51.328 0.6272698412698413
51.479 0.6272698412698413
53.243 0.5975259780583729
53.403 0.5975259780583729
58.234 0.3689308022045315
58.431 0.3689308022045315
61.697 0.3670102635228849
61.928 0.3670102635228849
65.533 0.437348855258052
65.732 0.437348855258052
68.309 0.5125428687525395
68.661 0.5125428687525395
71.122 0.5388373879641486
71.287 0.5388373879641486
73.63 0.6125249883232136
73.786 0.6125249883232136
75.927 0.6221649717514124
76.099 0.6221649717514124
77.869 0.6408471615720525
77.987 0.6408471615720525
79.819 0.8390229219726789
79.977 0.8390229219726789
88.615 0.8151421540791217
88.743 0.8151421540791217
99.309 0.8150687442713107
99.453 0.8150687442713107
100.544 0.806854891661195
100.663 0.806854891661195
102.186 0.8143661202185792
102.44 0.8143661202185792
103.904 0.8104041184041184
104.067 0.8104041184041184
105.621 0.8012449337002752
105.755 0.8012449337002752
109.752 0.6127646906101255
109.856 0.6127646906101255
121.411 0.5986959706959707
121.593 0.5986959706959707
123.777 0.6697591036414566
123.879 0.6697591036414566
126.021 0.7642246117084827
126.171 0.7642246117084827
127.845 0.7657309090909091
127.973 0.7657309090909091
129.348 0.6663257313982954
129.46 0.6663257313982954
133.801 0.6952942798070296
133.973 0.6952942798070296
138.326 0.734878909005408
138.631 0.734878909005408
142.884 0.8307807290712586
142.982 0.8307807290712586
148.441 0.6937428087986464
148.55 0.6937428087986464
160.37 0.818661028893587
160.458 0.818661028893587
161.877 0.9183850766155895
161.965 0.9183850766155895
163.466 1.3483350151362261
163.53 1.3483350151362261
164.521 1.3394693877551018
164.638 1.3394693877551018
166.99 1.3765197505197504
167.131 1.3765197505197504
169.055 0.918843805129597
169.142 0.918843805129597
176.511 0.6248597887048389
176.665 0.6248597887048389
