0.0 1.2691169284467714
0.032 1.2691169284467714
1.178 1.2804938271604938
1.235 1.2804938271604938
2.207 1.283091743119266
2.335 1.283091743119266
3.207 1.279275720164609
3.335 1.279275720164609
4.307 1.2694524271844658
4.432 1.2694524271844658
5.462 1.255424630541872
5.548 1.255424630541872
7.578 1.222017543859649
7.647 1.222017543859649
13.575 1.2844657077971233
13.636 1.2844657077971233
20.241 1.2306392496392495
20.337 1.2306392496392495
25.881 1.2450790190735694
25.937 1.2450790190735694
31.809 1.300562532433835
31.935 1.300562532433835
37.716 1.2318603558241021
37.832 1.2318603558241021
43.79 1.1648260869565217
43.957 1.1648260869565217
45.061 1.3148153564899452
45.135 1.3148153564899452
46.229 1.3290723606168446
46.33 1.3290723606168446
47.173 1.3125788849347568
47.238 1.3125788849347568
48.081 1.296204759766502
48.137 1.296204759766502
50.364 1.2261138605295034
50.442 1.2261138605295034
56.221 1.2010433196534427
56.34 1.2010433196534427
62.919 1.2723898071625344
63.039 1.2723898071625344
68.847 1.2642382133995038
68.939 1.2642382133995038
74.581 1.1979695877096723
74.636 1.1979695877096723
81.015 1.1998316559926807
81.136 1.1998316559926807
82.229 1.2114763476347634
82.35 1.2114763476347634
83.259 1.1967706422018347
83.341 1.1967706422018347
84.322 1.2015822784810128
84.433 1.2015822784810128
86.961 1.2791017649267744
87.036 1.2791017649267744
89.699 1.2793874709976798
89.839 1.2793874709976798
94.58 1.323985028921402
94.631 1.323985028921402
100.509 1.3177731262660366
100.634 1.3177731262660366
106.558 1.3151575381140599
106.639 1.3151575381140599
111.952 1.3459587519830778
112.031 1.3459587519830778
117.704 1.2806105986616023
117.835 1.2806105986616023
123.364 1.2583761774536615
123.44 1.2583761774536615
130.022 1.3636651083722906
130.134 1.3636651083722906
132.487 1.3702101313320825
132.53 1.3702101313320825
134.662 1.3945430463576158
134.731 1.3945430463576158
135.486 1.334803876326719
135.53 1.334803876326719
137.697 1.282464406779661
137.836 1.282464406779661
140.196 1.284075595727198
140.339 1.284075595727198
142.773 1.2950405430888177
142.838 1.2950405430888177
148.141 1.3026274821286736
148.231 1.3026274821286736
154.526 1.3119985196150998
154.633 1.3119985196150998
160.037 1.2413216504699696
160.136 1.2413216504699696
166.413 1.2670440957886044
166.536 1.2670440957886044
172.591 1.2998861681005955
172.737 1.2998861681005955
178.781 1.364833746898263
178.833 1.364833746898263
179.639 1.3631194244604317
179.737 1.3631194244604317
180.432 1.3712366412213741
180.539 1.3712366412213741
