0.0 1.9136947368421051
0.021 1.9136947368421051
0.781 1.9417160686427457
0.819 1.9417160686427457
1.46 1.9357370242214533
1.521 1.9357370242214533
2.099 1.9248544891640869
2.22 1.9248544891640869
2.866 1.9116023391812866
2.922 1.9116023391812866
3.606 2.132600332778702
3.726 2.132600332778702
6.731 2.258142144638404
6.817 2.258142144638404
10.025 2.059198058252427
10.123 2.059198058252427
14.243 2.1214751243781094
14.321 2.1214751243781094
17.537 2.346310654685494
17.619 2.346310654685494
20.735 3.801087967644085
20.808 3.801087967644085
22.786 1.7587884016295232
22.927 1.7587884016295232
27.1 1.7698149532710281
27.221 1.7698149532710281
31.501 2.098616046570488
31.807 2.098616046570488
35.758 2.4945153700189753
35.814 2.4945153700189753
38.449 2.395510866039572
38.515 2.395510866039572
41.598 2.2280587726879864
41.719 2.2280587726879864
45.19 2.2254120603015077
45.317 2.2254120603015077
48.501 2.0044809741248097
48.619 2.0044809741248097
52.561 1.8130618253189403
52.625 1.8130618253189403
56.701 1.8140467955239064
56.825 1.8140467955239064
60.757 2.1086777041942604
60.821 2.1086777041942604
64.445 2.3588815108132803
64.708 2.3588815108132803
67.991 2.2588501291989664
68.116 2.2588501291989664
71.212 2.167061236802413
71.32 2.167061236802413
74.635 2.2776492771841608
74.721 2.2776492771841608
77.903 2.357085933223864
78.016 2.357085933223864
81.67 2.459682076236821
81.717 2.459682076236821
84.183 2.52020207253886
84.216 2.52020207253886
87.304 2.664376731301939
87.42 2.664376731301939
93.918 2.3158279452054793
94.015 2.3158279452054793
101.315 2.533217750257998
101.415 2.533217750257998
108.198 2.5507264260768334
108.317 2.5507264260768334
115.189 2.3929480706344015
115.315 2.3929480706344015
122.96 2.036734777417704
123.029 2.036734777417704
128.892 1.5771796157059315
129.021 1.5771796157059315
133.809 1.5534619072988811
133.93 1.5534619072988811
137.684 2.0299259259259257
137.729 2.0299259259259257
141.428 2.562326401127952
141.519 2.562326401127952
144.356 2.777841791044776
144.413 2.777841791044776
147.093 2.5769606003752346
147.212 2.5769606003752346
149.877 2.3823474723997675
149.915 2.3823474723997675
153.357 2.9297685950413226
153.415 2.9297685950413226
155.835 3.8822999501743896
156.101 3.8822999501743896
158.108 3.3901688024745913
158.211 3.3901688024745913
160.474 2.7222841302841303
160.519 2.7222841302841303
163.405 2.717696
163.519 2.717696
167.144 2.8041795705920625
167.212 2.8041795705920625
173.36 2.910242070540472
173.413 2.910242070540472
