0.0 1.928923076923077
0.024 1.928923076923077
0.778 1.9539089481946625
0.822 1.9539089481946625
1.459 1.9458365217391305
1.525 1.9458365217391305
2.1 1.9368473520249223
2.225 1.9368473520249223
2.867 1.9200234948604993
2.922 1.9200234948604993
3.603 1.8739058823529413
3.728 1.8739058823529413
5.088 2.167600239377618
5.227 2.167600239377618
8.569 2.8652131036811888
8.613 2.8652131036811888
11.574 3.2016255279211636
11.615 3.2016255279211636
13.746 2.968373528217621
13.812 2.968373528217621
16.275 1.828441634241245
16.317 1.828441634241245
20.429 2.939296756107329
20.519 2.939296756107329
23.016 3.5429410664172125
23.109 3.5429410664172125
25.247 3.536624829998057
25.316 3.536624829998057
30.463 2.9605447499538657
30.516 2.9605447499538657
35.935 2.8308176886404737
36.019 2.8308176886404737
42.102 3.512466347075743
42.218 3.512466347075743
47.433 4.03232892804699
47.513 4.03232892804699
51.599 3.822247848537005
51.71 3.822247848537005
56.358 3.6843544736280163
56.415 3.6843544736280163
61.098 3.4138460251046028
61.209 3.4138460251046028
65.989 3.166924699890869
66.303 3.166924699890869
71.801 2.7383741140215716
71.913 2.7383741140215716
78.403 2.4607318789584802
78.527 2.4607318789584802
81.369 2.4551633629528364
81.415 2.4551633629528364
84.341 2.454277006434135
84.422 2.454277006434135
87.375 2.138230387288977
87.423 2.138230387288977
91.451 2.0865414516683867
91.526 2.0865414516683867
94.433 2.204016992353441
94.522 2.204016992353441
98.053 2.8859475046210723
98.117 2.8859475046210723
100.822 2.8885622157916497
100.916 2.8885622157916497
103.335 2.890092354277063
103.605 2.890092354277063
106.247 2.4817721696459865
106.318 2.4817721696459865
109.171 1.8879945292910874
109.225 1.8879945292910874
113.612 1.8883018173452957
113.724 1.8883018173452957
118.071 1.889300975731799
118.126 1.889300975731799
122.123 1.8281178683385582
122.223 1.8281178683385582
125.413 1.8036742733605573
125.525 1.8036742733605573
129.688 1.9823616034905918
129.823 1.9823616034905918
133.49 3.1411881856540087
133.617 3.1411881856540087
135.987 1.56830326558575
136.305 1.56830326558575
140.684 1.3357289460824238
140.739 1.3357289460824238
146.878 1.5369694342076738
146.931 1.5369694342076738
151.544 2.109877064717032
151.627 2.109877064717032
155.32 2.065128398384926
155.422 2.065128398384926
159.137 1.902763865342698
159.223 1.902763865342698
163.352 1.9042521489971347
163.426 1.9042521489971347
166.916 1.9643051929213808
167.022 1.9643051929213808
170.469 2.0104070499370543
170.522 2.0104070499370543
