0.0 4.896996632996633
0.008 4.896996632996633
0.305 4.849422492401216
0.409 4.849422492401216
1.067 4.137949900596421
1.116 4.137949900596421
3.631 2.0668359636537543
3.746 2.0668359636537543
12.11 3.8189616858237545
12.214 3.8189616858237545
14.302 5.820584922797456
14.408 5.820584922797456
15.509 2.935218800648298
15.607 2.935218800648298
18.075 1.517963141885847
18.126 1.517963141885847
23.715 2.2531915455746367
23.835 2.2531915455746367
26.863 2.647991307497284
26.915 2.647991307497284
29.676 4.592884544899206
29.718 4.592884544899206
31.355 5.4446765578635015
31.409 5.4446765578635015
32.757 5.445584471603163
33.001 5.445584471603163
34.392 2.7437564526803437
34.509 2.7437564526803437
37.531 2.544734030197445
37.614 2.544734030197445
40.197 2.5405435156518745
40.313 2.5405435156518745
43.22 2.543108188096021
43.313 2.543108188096021
46.354 2.547900755124056
46.414 2.547900755124056
49.195 2.811980071174377
49.316 2.811980071174377
52.126 4.441129807692308
52.209 4.441129807692308
53.873 4.439114254624592
53.908 4.439114254624592
57.584 4.122100378787879
57.709 4.122100378787879
61.933 3.840944024205749
62.012 3.840944024205749
66.639 3.7932266295523083
66.712 3.7932266295523083
71.023 3.570269387755102
71.113 3.570269387755102
76.013 3.2513220077220075
76.109 3.2513220077220075
81.289 3.445649766271125
81.417 3.445649766271125
86.979 4.128862601413243
87.01 4.128862601413243
90.831 2.262741751689413
91.103 2.262741751689413
98.65 3.825258506407424
98.727 3.825258506407424
103.253 4.7769268154846
103.311 4.7769268154846
106.85 3.58647797954498
106.91 3.58647797954498
111.701 3.0511039164490863
111.823 3.0511039164490863
117.568 4.084413485152936
117.613 4.084413485152936
122.092 4.7097693877551015
122.208 4.7097693877551015
126.128 3.624595097210482
126.214 3.624595097210482
130.946 3.080274368231047
131.015 3.080274368231047
136.001 5.3386376631448105
136.301 5.3386376631448105
139.519 5.334675
139.61 5.334675
142.81 3.369766437684004
142.909 3.369766437684004
148.004 2.2288488372093025
148.128 2.2288488372093025
155.696 2.2389249563699827
155.829 2.2389249563699827
158.121 2.2499954648526077
158.221 2.2499954648526077
159.544 2.240414057507987
159.619 2.240414057507987
161.184 2.2399270175438595
161.221 2.2399270175438595
162.646 2.8704830105955423
162.726 2.8704830105955423
165.463 4.733504273504273
165.508 4.733504273504273
166.912 4.738250524842547
167.009 4.738250524842547
168.438 4.721804857966241
168.512 4.721804857966241
