0.0 4.896996632996633
0.008 4.896996632996633
0.305 4.919525691699605
0.408 4.919525691699605
0.661 4.79742905982906
0.709 4.79742905982906
1.294 4.809496855345912
1.408 4.809496855345912
2.044 4.8347841409691625
2.107 4.8347841409691625
2.788 4.81115915915916
2.91 4.81115915915916
4.242 3.397024207833104
4.309 3.397024207833104
9.39 3.860382638010957
9.51 3.860382638010957
14.256 4.407331010452962
14.309 4.407331010452962
18.04 4.590901587301587
18.11 4.590901587301587
21.89 4.780911740445422
22.01 4.780911740445422
25.647 4.797380490587564
25.708 4.797380490587564
29.214 4.62835925634983
29.309 4.62835925634983
33.128 4.818159872948651
33.209 4.818159872948651
36.987 4.749316755476613
37.3 4.749316755476613
40.678 4.399556463975473
40.706 4.399556463975473
44.62 4.722225315803041
44.707 4.722225315803041
48.586 4.761877456647398
48.707 4.761877456647398
52.167 4.75402943537597
52.208 4.75402943537597
55.945 4.802068466462566
56.008 4.802068466462566
59.601 4.751946418171229
59.708 4.751946418171229
63.142 4.782134578412524
63.208 4.782134578412524
66.849 4.76207073954984
66.906 4.76207073954984
70.638 4.755045071241639
70.901 4.755045071241639
74.34 4.7500190062449095
74.408 4.7500190062449095
78.091 4.764313437057992
78.208 4.764313437057992
81.743 4.782806089343649
81.809 4.782806089343649
85.816 4.731968806238752
85.909 4.731968806238752
89.243 4.683738891936368
89.309 4.683738891936368
92.955 4.486426535371859
93.009 4.486426535371859
96.868 4.602652872311461
96.91 4.602652872311461
100.583 4.540913319238901
100.706 4.540913319238901
104.49 4.408599597585513
104.801 4.408599597585513
108.777 4.765326387079968
108.807 4.765326387079968
112.646 4.355342297711724
112.709 4.355342297711724
116.948 4.691352297592998
117.01 4.691352297592998
120.666 4.741663476381599
120.708 4.741663476381599
123.947 4.7457834254143645
124.009 4.7457834254143645
127.629 4.78714526079641
127.708 4.78714526079641
131.274 4.694820891441071
131.308 4.694820891441071
134.965 4.433095400788437
135.008 4.433095400788437
138.813 4.572623757195186
139.102 4.572623757195186
142.924 4.68934364640884
143.01 4.68934364640884
146.63 4.713971322357939
146.709 4.713971322357939
150.475 4.720799777839489
150.511 4.720799777839489
154.112 4.78234379989356
154.21 4.78234379989356
157.968 4.7427811366384525
158.008 4.7427811366384525
161.316 4.780947310038824
161.408 4.780947310038824
165.014 4.59137870296237
165.108 4.59137870296237
