0.0 1.8527490445859873
0.02 1.8527490445859873
0.805 2.3000947791164656
0.929 2.3000947791164656
5.909 4.387413153456998
6.01 4.387413153456998
8.382 4.331284900284901
8.408 4.331284900284901
11.216 4.360911258278145
11.312 4.360911258278145
12.067 3.494141990724224
12.11 3.494141990724224
14.913 3.1456312659303314
15.013 3.1456312659303314
18.544 2.8195068128946494
18.619 2.8195068128946494
21.628 3.874312322544009
21.709 3.874312322544009
23.47 3.8338248557944414
23.512 3.8338248557944414
25.419 3.78768362720403
25.51 3.78768362720403
27.495 4.732059316569955
27.613 4.732059316569955
29.164 5.509882793017456
29.207 5.509882793017456
32.415 3.7354828647650318
32.507 3.7354828647650318
37.38 3.871426640926641
37.409 3.871426640926641
41.553 4.250768699086645
41.61 4.250768699086645
45.661 2.9663987044534417
45.709 2.9663987044534417
51.884 3.528827586206897
52.017 3.528827586206897
56.686 3.822247848537005
56.81 3.822247848537005
61.458 4.254952404438964
61.512 4.254952404438964
65.567 5.067759006211181
65.8 5.067759006211181
69.02 4.986183276059564
69.108 4.986183276059564
72.6 5.139400809716599
72.709 5.139400809716599
76.167 5.9377632534495275
76.21 5.9377632534495275
78.964 4.893516083916084
79.008 4.893516083916084
82.583 4.895886046511627
82.708 4.895886046511627
86.148 5.060655928175337
86.207 5.060655928175337
89.994 5.267573956594324
90.107 5.267573956594324
93.102 5.7498020202020195
93.206 5.7498020202020195
96.176 6.089736194161097
96.4 6.089736194161097
99.243 6.0183495906016375
99.306 6.0183495906016375
102.115 5.359580786026201
102.205 5.359580786026201
105.411 5.28925528062764
105.509 5.28925528062764
108.823 5.767366960907944
108.907 5.767366960907944
112.079 5.963273901808786
112.104 5.963273901808786
115.2 4.906059496567505
115.308 4.906059496567505
118.804 3.586699673049977
118.913 3.586699673049977
123.195 3.9285927281042765
123.314 3.9285927281042765
127.687 4.730108063175395
128.002 4.730108063175395
131.611 5.83581237253569
131.706 5.83581237253569
134.648 5.939411267605633
134.706 5.939411267605633
137.546 5.147737260677467
137.607 5.147737260677467
141.002 5.662249499666444
141.106 5.662249499666444
144.104 6.546023598820059
144.205 6.546023598820059
146.917 5.601186161449753
147.004 5.601186161449753
150.039 4.786164580559254
150.107 4.786164580559254
153.862 4.590146284376829
153.909 4.590146284376829
157.327 3.9496210767468503
157.602 3.9496210767468503
161.967 4.604281011641911
162.011 4.604281011641911
