0.0 2.2548961240310077
0.021 2.2548961240310077
0.666 2.2753930530164537
0.719 2.2753930530164537
1.266 2.2694847870182557
1.319 2.2694847870182557
1.812 2.2343608473338206
1.925 2.2343608473338206
3.294 2.25826597582038
3.417 2.25826597582038
3.996 2.2259340048627996
4.125 2.2259340048627996
7.004 2.2317067159581025
7.116 2.2317067159581025
10.362 2.449161662817552
10.419 2.449161662817552
13.883 5.619986820428336
13.904 5.619986820428336
15.118 5.305590711175617
15.205 5.305590711175617
16.583 4.4368910436335804
16.607 4.4368910436335804
20.526 4.699529477507683
20.61 4.699529477507683
24.189 4.78497671900379
24.307 4.78497671900379
28.001 4.069530069304717
28.108 4.069530069304717
32.581 3.720591836734694
32.711 3.720591836734694
37.023 3.6413330513850712
37.112 3.6413330513850712
41.841 3.6402050874403815
41.913 3.6402050874403815
46.945 4.336956041063438
47.009 4.336956041063438
50.808 4.493122913505311
51.1 4.493122913505311
55.054 6.565385083713851
55.105 6.565385083713851
57.733 6.726374278647981
57.807 6.726374278647981
60.233 6.62799847735059
60.306 6.62799847735059
62.933 6.383637931034483
63.002 6.383637931034483
65.786 5.79058073654391
65.903 5.79058073654391
68.727 5.696619993487463
68.807 5.696619993487463
71.878 5.847863888888889
71.905 5.847863888888889
74.785 7.515570196078432
74.905 7.515570196078432
77.455 7.523311397234145
77.698 7.523311397234145
79.795 5.62295423114916
79.906 5.62295423114916
82.943 3.3742194503995324
83.012 3.3742194503995324
88.143 3.3750337392693153
88.216 3.3750337392693153
93.225 3.376462173314993
93.308 3.376462173314993
98.397 2.964416032470827
98.513 2.964416032470827
104.426 3.043435035767759
104.513 3.043435035767759
110.524 3.091476222371065
110.613 3.091476222371065
116.585 3.147079633027523
116.713 3.147079633027523
122.163 3.1581838371375692
122.405 3.1581838371375692
127.268 3.1784895467160035
127.312 3.1784895467160035
132.717 3.5668533221897203
132.814 3.5668533221897203
137.6 4.446765086765087
137.712 4.446765086765087
141.573 6.973099627945432
141.605 6.973099627945432
144.024 4.033364412647127
144.103 4.033364412647127
148.436 3.4771454321999182
148.514 3.4771454321999182
153.396 3.503614762186698
153.508 3.503614762186698
158.575 3.5902006335797254
158.613 3.5902006335797254
163.348 2.9593360777210607
163.602 2.9593360777210607
169.675 2.5223665594855307
169.718 2.5223665594855307
175.938 2.399122738658503
176.014 2.399122738658503
183.2 2.886024096385542
183.312 2.886024096385542
