0.0 1.9011869281045752
0.02 1.9011869281045752
0.785 1.9148307692307691
0.822 1.9148307692307691
1.472 1.9191355060034305
1.522 1.9191355060034305
2.105 1.9159568567026195
2.219 1.9159568567026195
2.868 2.0085038402457758
2.925 2.0085038402457758
3.576 2.82062676056338
3.618 2.82062676056338
5.89 2.3581119791666665
6.012 2.3581119791666665
9.084 2.816698539176627
9.119 2.816698539176627
12.131 2.6464949573312646
12.213 2.6464949573312646
14.791 4.11429600450197
14.913 4.11429600450197
16.69 3.5814986611740474
16.812 3.5814986611740474
21.667 3.935333645297146
21.71 3.935333645297146
25.984 3.729051476793249
26.113 3.729051476793249
30.853 4.461521568627451
30.906 4.461521568627451
34.986 4.386981678971835
35.108 4.386981678971835
38.765 4.465732365145228
38.808 4.465732365145228
42.664 4.993869138495093
42.707 4.993869138495093
46.375 5.45927634194831
46.405 5.45927634194831
49.423 5.7963484502446985
49.699 5.7963484502446985
52.764 4.962275524877769
52.805 4.962275524877769
56.282 4.555606923506421
56.408 4.555606923506421
59.99 4.5880769433465085
60.109 4.5880769433465085
63.904 4.640221409921671
64.006 4.640221409921671
67.836 3.8916230366492144
67.91 3.8916230366492144
72.112 3.6078201691070326
72.213 3.6078201691070326
77.062 4.192643266118995
77.111 4.192643266118995
81.128 3.290077939914163
81.212 3.290077939914163
87.037 3.8639196669115843
87.304 3.8639196669115843
91.387 3.5181112484548827
91.511 3.5181112484548827
96.365 3.5689795918367344
96.414 3.5689795918367344
101.265 3.9315218604651165
101.311 3.9315218604651165
105.611 4.9632628538417105
105.708 4.9632628538417105
109.17 3.453229314420804
109.209 3.453229314420804
114.285 3.5269111239637554
114.416 3.5269111239637554
119.603 3.720736799677549
119.71 3.720736799677549
124.672 3.6368922815945717
124.713 3.6368922815945717
129.429 3.1413884229903863
129.711 3.1413884229903863
134.6 3.6076724065518686
134.712 3.6076724065518686
139.474 3.134586852735953
139.519 3.134586852735953
144.965 5.400742371815036
145.015 5.400742371815036
148.194 5.392560102301791
148.309 5.392560102301791
151.437 5.237209469583458
151.506 5.237209469583458
154.843 3.4425925775704727
154.912 3.4425925775704727
159.843 4.088626439428834
159.915 4.088626439428834
164.257 4.924565469293163
164.308 4.924565469293163
167.76 4.683880114672922
168.0 4.683880114672922
171.837 3.9689147482924363
171.91 3.9689147482924363
175.863 2.8824771777294766
175.912 2.8824771777294766
181.893 2.832616448505804
182.013 2.832616448505804
