0.0 2.944145748987854
0.016 2.944145748987854
0.51 2.970501193317422
0.621 2.970501193317422
1.04 2.9022709410548084
1.116 2.9022709410548084
2.083 2.896628787878788
2.116 2.896628787878788
3.172 2.900870484581498
3.212 2.900870484581498
4.347 3.0765114560236513
4.416 3.0765114560236513
5.769 3.117277348066298
5.81 3.117277348066298
6.715 2.9893925299506696
6.818 2.9893925299506696
9.656 3.2041605611847235
9.716 3.2041605611847235
14.848 3.282937570942111
14.916 3.282937570942111
20.202 3.132440281030445
20.315 3.132440281030445
25.866 3.095255060728745
25.918 3.095255060728745
31.352 3.2750980174170836
31.409 3.2750980174170836
36.806 3.2838146534653463
36.914 3.2838146534653463
39.439 3.217350954478708
39.514 3.217350954478708
41.557 3.138699532511687
41.805 3.138699532511687
44.158 3.141182778229082
44.21 3.141182778229082
46.672 3.1590334373606774
46.712 3.1590334373606774
48.955 3.164462955546656
49.011 3.164462955546656
51.508 3.1608383233532935
51.617 3.1608383233532935
53.955 3.1058591549295773
54.013 3.1058591549295773
59.267 3.216654720118234
59.314 3.216654720118234
64.727 3.050471678681771
64.816 3.050471678681771
70.642 2.7428044280442805
70.716 2.7428044280442805
76.678 2.677019127773527
76.716 2.677019127773527
83.251 3.187329295987888
83.315 3.187329295987888
88.599 3.2160939754992452
88.716 3.2160939754992452
94.675 3.179440548166062
94.718 3.179440548166062
99.68 3.2105493513818386
99.902 3.2105493513818386
105.221 3.315419379548066
105.313 3.315419379548066
110.535 3.2274512702078524
110.616 3.2274512702078524
112.781 3.1526110652353427
112.813 3.1526110652353427
115.235 3.142696848646249
115.313 3.142696848646249
117.566 3.138549450549451
117.611 3.138549450549451
120.25 3.0089618768328448
120.317 3.0089618768328448
123.045 3.01699400719137
123.112 3.01699400719137
125.615 3.026308251167618
125.715 3.026308251167618
127.642 3.1897604078164825
127.716 3.1897604078164825
130.07 3.0708688613059905
130.116 3.0708688613059905
135.675 3.23089198343997
135.716 3.23089198343997
141.03 3.2351223628691983
141.115 3.2351223628691983
146.329 3.282601051840721
146.417 3.282601051840721
151.741 3.2714249373675086
151.817 3.2714249373675086
157.006 3.237131699210636
157.117 3.237131699210636
159.524 3.234381112984823
159.616 3.234381112984823
161.988 3.22649363449692
162.115 3.22649363449692
164.55 3.207097301717089
164.804 3.207097301717089
169.696 3.0288292340126497
169.814 3.0288292340126497
175.506 3.1903376912378305
175.613 3.1903376912378305
