0.0 3.7388380462724937
0.012 3.7388380462724937
0.401 3.748915662650602
0.514 3.748915662650602
0.846 3.75455033557047
0.911 3.75455033557047
1.209 3.6942512077294687
1.316 3.6942512077294687
2.144 3.679737886479003
2.216 3.679737886479003
4.383 3.6764564564564566
4.414 3.6764564564564566
7.078 3.963324913892078
7.114 3.963324913892078
11.469 3.7590020517029132
11.513 3.7590020517029132
16.387 4.413245303274289
16.51 4.413245303274289
20.236 5.572770712909442
20.31 5.572770712909442
23.424 4.583072219293622
23.509 4.583072219293622
27.303 4.360802696396163
27.412 4.360802696396163
31.269 4.0868679768786125
31.309 4.0868679768786125
35.634 3.736249589490969
35.712 3.736249589490969
40.584 5.060943848580441
40.901 5.060943848580441
44.071 5.623730894839974
44.108 5.623730894839974
47.17 4.84462099973552
47.211 4.84462099973552
50.992 5.078944512946979
51.11 5.078944512946979
54.354 5.576210922787194
54.409 5.576210922787194
57.595 5.403642968994676
57.708 5.403642968994676
60.901 5.070908638906153
61.01 5.070908638906153
64.228 5.076312536443149
64.311 5.076312536443149
67.741 5.073379389095061
67.807 5.073379389095061
71.31 5.073720136518771
71.601 5.073720136518771
74.824 5.005527896995708
74.908 5.005527896995708
78.403 3.0220434236497398
78.51 3.0220434236497398
84.083 3.3428752834467117
84.222 3.3428752834467117
89.955 4.337746494363487
90.012 4.337746494363487
93.649 5.0329832007073385
93.71 5.0329832007073385
97.103 5.533116011505274
97.212 5.533116011505274
100.341 5.663498827470686
100.408 5.663498827470686
103.393 4.185826065773448
103.509 4.185826065773448
107.614 3.4390017657445555
107.902 3.4390017657445555
112.999 4.080769127816195
113.112 4.080769127816195
117.595 3.0992607016954845
117.71 3.0992607016954845
123.667 3.4776123276561233
123.717 3.4776123276561233
128.649 2.1637430262045645
128.711 2.1637430262045645
135.809 3.351613191727222
135.92 3.351613191727222
139.498 5.002973158981417
139.615 5.002973158981417
141.068 5.148420470262794
141.108 5.148420470262794
142.554 5.63391048764195
142.608 5.63391048764195
145.602 5.580002554278416
145.9 5.580002554278416
149.032 5.596908671282558
149.11 5.596908671282558
152.143 5.484342292245906
152.209 5.484342292245906
155.446 5.698826684545759
155.508 5.698826684545759
158.491 5.600513555624805
158.607 5.600513555624805
161.816 5.298588314758527
161.908 5.298588314758527
164.869 5.160160431008681
164.911 5.160160431008681
168.252 5.658245683275777
168.306 5.658245683275777
