0.0 0.4041144762434009
0.118 0.4041144762434009
3.717 0.4064794252122796
3.94 0.4064794252122796
7.002 0.4047959479015919
7.24 0.4047959479015919
10.004 0.6036194174757281
10.242 0.6036194174757281
12.302 1.3662863113897596
12.435 1.3662863113897596
13.392 1.0557074190177638
13.532 1.0557074190177638
14.489 0.875346181299072
14.656 0.875346181299072
16.057 0.9296737967914438
16.147 0.9296737967914438
17.643 0.9923292181069959
17.746 0.9923292181069959
18.961 1.0027573721025922
19.058 1.0027573721025922
26.349 1.37450676416819
26.452 1.37450676416819
31.922 0.9847610358245003
32.033 0.9847610358245003
39.486 0.8389420755343893
39.544 0.8389420755343893
48.573 0.8304896073903002
48.65 0.8304896073903002
50.382 0.6641422643746295
50.474 0.6641422643746295
52.161 0.8531256746337702
52.271 0.8531256746337702
53.568 1.0171416490486258
53.663 1.0171416490486258
56.501 1.0056299292214357
56.644 1.0056299292214357
59.611 0.9476542056074767
59.741 0.9476542056074767
63.165 1.0382186007305423
63.241 1.0382186007305423
70.359 0.8976632267807702
70.453 0.8976632267807702
78.399 1.1272285714285715
78.721 1.1272285714285715
79.841 1.449078453038674
79.934 1.449078453038674
80.839 1.0693623639191292
80.934 1.0693623639191292
83.506 0.8408948598130842
83.83 0.8408948598130842
87.254 0.8377275234418091
87.354 0.8377275234418091
90.98 0.9944338990878652
91.05 0.9944338990878652
99.711 1.0201103262697613
100.02 1.0201103262697613
105.966 1.0063361608545398
106.041 1.0063361608545398
109.224 0.9845020644095789
109.347 0.9845020644095789
110.558 0.7309158444573418
110.83 0.7309158444573418
112.553 0.7974075949367089
112.67 0.7974075949367089
114.25 1.0593168635875403
114.34 1.0593168635875403
117.133 0.7571517652453004
117.438 0.7571517652453004
121.8 0.9275082485875706
121.99 0.9275082485875706
130.84 1.2604800534134535
130.948 1.2604800534134535
136.939 0.9474729488220959
137.213 0.9474729488220959
143.368 1.0760173535791757
143.446 1.0760173535791757
144.368 1.068548148148148
144.447 1.068548148148148
145.527 1.0581375661375663
145.824 1.0581375661375663
146.958 0.8896453170260702
147.049 0.8896453170260702
150.156 0.8363349646547037
150.257 0.8363349646547037
153.935 0.7650331534309947
154.237 0.7650331534309947
158.128 0.8308568991256131
158.262 0.8308568991256131
167.64 0.7176755846585594
167.772 0.7176755846585594
178.462 0.8588276324614353
178.559 0.8588276324614353
180.05 0.8661858267716536
180.162 0.8661858267716536
181.432 0.8604613987284286
181.559 0.8604613987284286
182.66 0.8409737827715356
182.928 0.8409737827715356
