0.0 2.5605774647887323
0.017 2.5605774647887323
0.585 2.6038493723849374
0.721 2.6038493723849374
1.199 2.57208275862069
1.316 2.57208275862069
1.751 2.606825995807128
1.817 2.606825995807128
2.294 2.534523235800344
2.435 2.534523235800344
7.083 2.5370007917656374
7.225 2.5370007917656374
9.751 2.5743141435678747
9.815 2.5743141435678747
12.629 2.4548310185185187
12.715 2.4548310185185187
16.171 2.3293492659610786
16.218 2.3293492659610786
19.147 2.2495704615384615
19.22 2.2495704615384615
22.47 2.2409991058122203
22.514 2.2409991058122203
25.869 2.337396178343949
25.915 2.337396178343949
29.055 2.8401979752530933
29.116 2.8401979752530933
31.783 2.937170386114063
32.103 2.937170386114063
34.926 3.045898053753475
35.014 3.045898053753475
37.172 2.3916321243523315
37.214 2.3916321243523315
40.302 2.325193024654239
40.419 2.325193024654239
43.745 2.5635716353111433
43.817 2.5635716353111433
46.581 2.7228339076498966
46.72 2.7228339076498966
49.622 2.9955573571139036
49.713 2.9955573571139036
52.18 3.006851667587986
52.319 3.006851667587986
57.746 3.0113718436527153
57.813 3.0113718436527153
63.595 3.013232960325534
63.714 3.013232960325534
69.612 3.01374861776631
69.715 3.01374861776631
75.141 3.0277466251298026
75.216 3.0277466251298026
80.994 3.0411426507764534
81.114 3.0411426507764534
86.652 3.0512185957650053
86.714 3.0512185957650053
92.995 3.0867509293680295
93.114 3.0867509293680295
98.225 3.0870226100753673
98.314 3.0870226100753673
100.835 3.077054789121009
100.914 3.077054789121009
103.451 3.078163876651982
103.514 3.078163876651982
105.784 3.080122630092779
105.914 3.080122630092779
108.393 3.0323323340471093
108.512 3.0323323340471093
110.847 3.028384643510055
110.917 3.028384643510055
113.652 2.948436781609195
113.715 2.948436781609195
116.499 2.782437730287399
116.615 2.782437730287399
119.329 2.779645376549094
119.602 2.779645376549094
121.7 2.7840919540229883
121.814 2.7840919540229883
124.511 2.778024410089504
124.618 2.778024410089504
130.763 2.7616149268135755
130.819 2.7616149268135755
137.036 2.530821905476369
137.121 2.530821905476369
143.786 2.680866390550698
143.918 2.680866390550698
150.437 2.561941442801087
150.518 2.561941442801087
157.144 2.203556561085973
157.226 2.203556561085973
160.762 2.2103002016709885
160.825 2.2103002016709885
164.296 2.37141925747057
164.609 2.37141925747057
167.922 2.3735142857142857
168.021 2.3735142857142857
170.821 2.369954497724886
170.919 2.369954497724886
173.776 2.3752107089737233
173.82 2.3752107089737233
