0.0 0.5494552323384965
0.088 0.5494552323384965
2.735 0.5539118825100133
2.89 0.5539118825100133
5.137 0.5533412462908012
5.292 0.5533412462908012
7.314 0.6226619929894842
7.492 0.6226619929894842
9.489 1.56778896882494
9.619 1.56778896882494
10.453 1.3616064690026954
10.525 1.3616064690026954
11.267 1.3524141898370088
11.34 1.3524141898370088
13.426 2.2438233271621266
13.522 2.2438233271621266
17.303 1.2472877513711151
17.436 1.2472877513711151
22.906 2.0124150839526562
23.028 2.0124150839526562
26.661 1.9224116594221428
26.713 1.9224116594221428
30.624 1.5869024864864865
30.721 1.5869024864864865
35.346 1.5071245523278949
35.421 1.5071245523278949
40.447 1.2843296158612143
40.531 1.2843296158612143
46.987 1.526840418118467
47.13 1.526840418118467
51.435 1.669385171790235
51.708 1.669385171790235
56.132 1.561080339119903
56.224 1.561080339119903
61.178 1.708635640221847
61.221 1.708635640221847
65.368 1.980366917293233
65.419 1.980366917293233
69.409 2.0567881992763706
69.516 2.0567881992763706
73.109 2.079542857142857
73.217 2.079542857142857
76.647 2.1672853091321613
76.717 2.1672853091321613
80.243 2.0918984332793085
80.313 2.0918984332793085
84.015 2.1153660012099214
84.117 2.1153660012099214
87.423 2.154065367316342
87.705 2.154065367316342
91.04 2.1191461988304097
91.115 2.1191461988304097
94.535 2.090483495145631
94.622 2.090483495145631
98.742 2.075120082107424
98.825 2.075120082107424
101.748 1.9873299284984678
101.818 1.9873299284984678
105.734 2.006293497815472
105.814 2.006293497815472
109.705 1.9265045492142268
109.823 1.9265045492142268
113.45 1.7528980716253444
113.525 1.7528980716253444
117.881 2.0086513475177306
118.016 2.0086513475177306
121.541 1.8488017857142856
121.802 1.8488017857142856
126.282 1.5734038719570635
126.43 1.5734038719570635
131.647 1.6194587175638
131.716 1.6194587175638
136.379 1.9361540504648074
136.426 1.9361540504648074
139.438 1.7822682174222644
139.514 1.7822682174222644
143.727 0.9516062311820919
143.851 0.9516062311820919
151.49 0.9700310366232154
151.653 0.9700310366232154
154.875 1.5616675461741425
154.929 1.5616675461741425
155.687 1.6349191919191919
155.828 1.6349191919191919
156.62 1.8984336734693876
156.72 1.8984336734693876
158.288 1.5351348511383538
158.426 1.5351348511383538
160.71 1.1319317467444994
160.843 1.1319317467444994
165.297 2.012941839610556
165.434 2.012941839610556
169.337 3.6236859323882227
169.409 3.6236859323882227
171.243 3.4901855670103092
171.31 3.4901855670103092
173.25 3.237027027027027
173.31 3.237027027027027
