0.0 4.179333333333333
0.01 4.179333333333333
0.358 4.190707070707071
0.419 4.190707070707071
0.716 4.1113395784543325
0.811 4.1113395784543325
2.519 4.1090853054485414
2.61 4.1090853054485414
4.427 4.104691289198606
4.513 4.104691289198606
7.383 4.013695090439277
7.414 4.013695090439277
11.284 3.6421776746148975
11.413 3.6421776746148975
16.152 3.9366944563816073
16.214 3.9366944563816073
20.868 4.31934646703441
20.909 4.31934646703441
24.716 4.0612234963725715
24.812 4.0612234963725715
29.085 4.0826898332942
29.21 4.0826898332942
33.469 4.213330661322645
33.512 4.213330661322645
37.504 6.46987701317716
37.612 6.46987701317716
40.344 6.8329609609609605
40.604 6.8329609609609605
43.268 7.018019247594051
43.306 7.018019247594051
45.592 7.29964561254769
45.71 7.29964561254769
48.069 7.501028665028665
48.106 7.501028665028665
50.548 4.570345631067961
50.608 4.570345631067961
54.213 4.512524257048514
54.31 4.512524257048514
58.247 4.596119339371337
58.31 4.596119339371337
62.064 4.497845644983462
62.111 4.497845644983462
65.739 4.246768780487805
65.813 4.246768780487805
69.913 3.8392845106934543
70.204 3.8392845106934543
74.833 3.646064659977703
74.915 3.646064659977703
79.4 4.035598615916955
79.512 4.035598615916955
83.847 4.218899799599199
83.913 4.218899799599199
87.905 7.586977038796516
88.01 7.586977038796516
90.536 5.539460674157303
90.607 5.539460674157303
93.455 4.209246241064826
93.51 4.209246241064826
97.567 4.465597111168429
97.609 4.465597111168429
101.486 4.5740108225108225
101.61 4.5740108225108225
105.306 4.199124144672532
105.604 4.199124144672532
109.696 4.360346268656716
109.809 4.360346268656716
113.829 4.815500921295077
113.908 4.815500921295077
117.707 4.522855463008329
117.81 4.522855463008329
121.892 4.255976178660049
122.014 4.255976178660049
126.044 4.50388504398827
126.113 4.50388504398827
129.523 4.480890975482525
129.611 4.480890975482525
133.445 4.141426491994178
133.512 4.141426491994178
137.634 4.31380904522613
137.71 4.31380904522613
141.69 4.873715111239526
142.002 4.873715111239526
145.463 4.4857720739219715
145.514 4.4857720739219715
149.41 4.310671406805485
149.511 4.310671406805485
153.449 4.589662874870735
153.512 4.589662874870735
157.38 4.60943600867679
157.412 4.60943600867679
161.1 4.861251825804707
161.213 4.861251825804707
164.91 4.908986232790989
165.01 4.908986232790989
168.206 5.169444077961019
168.31 5.169444077961019
171.645 5.902863612969634
171.71 5.902863612969634
