0.0 3.63602
0.01 3.63602
0.41 3.6823668639053255
0.517 3.6823668639053255
0.855 3.6683803278688525
0.916 3.6683803278688525
1.221 3.6028739693757363
1.318 3.6028739693757363
2.167 3.606230010952902
2.214 3.606230010952902
3.127 3.586157806379407
3.217 3.586157806379407
5.004 3.5879742446755816
5.113 3.5879742446755816
7.132 3.01810601209534
7.211 3.01810601209534
10.022 2.5625295309334577
10.121 2.5625295309334577
16.538 2.6265488118662024
16.617 2.6265488118662024
23.224 2.0660855513307985
23.321 2.0660855513307985
31.737 1.9768505933994471
31.835 1.9768505933994471
37.986 2.876873528294721
38.121 2.876873528294721
40.754 3.65431115028647
41.006 3.65431115028647
43.275 3.9860812613705274
43.315 3.9860812613705274
44.964 4.992577494692145
45.015 4.992577494692145
45.957 6.493360201511335
46.009 6.493360201511335
47.2 6.468824499411072
47.309 6.468824499411072
49.856 4.666616233254531
49.909 4.666616233254531
53.716 3.0970798779393287
53.82 3.0970798779393287
59.391 2.551310819262039
59.518 2.551310819262039
65.914 2.0101306857538677
66.039 2.0101306857538677
74.701 2.127155218082289
74.822 2.127155218082289
80.485 2.312632275132275
80.528 2.312632275132275
83.552 1.865924155844156
83.624 1.865924155844156
87.474 1.6494037323623123
87.602 1.6494037323623123
91.996 3.8415664585191793
92.111 3.8415664585191793
94.353 2.3592283158304164
94.422 2.3592283158304164
96.993 2.8064853948791924
97.118 2.8064853948791924
99.891 4.134792372881356
100.013 4.134792372881356
101.901 3.5272246340232205
102.012 3.5272246340232205
103.993 3.015649289099526
104.305 3.015649289099526
106.837 2.782120235756385
106.915 2.782120235756385
109.46 2.777542588866533
109.515 2.777542588866533
112.497 2.7768768606224628
112.621 2.7768768606224628
115.577 2.778342899190581
115.621 2.778342899190581
118.339 4.843345316934721
118.422 4.843345316934721
121.593 6.240369051943335
121.707 6.240369051943335
124.46 4.534119521912351
124.507 4.534119521912351
128.272 3.852998204667864
128.312 3.852998204667864
132.768 2.9158043215211755
132.816 2.9158043215211755
138.601 2.915677010343677
138.715 2.915677010343677
144.709 3.148261127596439
144.819 3.148261127596439
150.211 2.44967793569753
150.316 2.44967793569753
157.563 2.3802296275553068
157.811 2.3802296275553068
164.953 3.1563133122585176
165.025 3.1563133122585176
170.719 2.8268684684684686
170.823 2.8268684684684686
176.373 2.7921484536082475
176.42 2.7921484536082475
178.845 2.3099324975891995
178.921 2.3099324975891995
