0.0 5.3866962962962965
0.008 5.3866962962962965
0.278 5.3182
0.307 5.3182
0.907 5.32541935483871
1.009 5.32541935483871
1.536 5.292110726643599
1.606 5.292110726643599
2.184 5.319043618739903
2.21 5.319043618739903
2.829 5.034142969363708
2.908 5.034142969363708
4.181 4.202649135622108
4.21 4.202649135622108
8.317 4.13575079006772
8.411 4.13575079006772
12.841 4.016549096238398
12.907 4.016549096238398
17.001 4.019830437804031
17.109 4.019830437804031
21.426 3.9242103362672083
21.515 3.9242103362672083
25.946 4.100345197464652
26.01 4.100345197464652
30.112 4.134667602339181
30.209 4.134667602339181
34.484 4.108103814037463
34.609 4.108103814037463
39.04 4.077050063532401
39.301 4.077050063532401
43.236 4.104854350417163
43.309 4.104854350417163
47.504 3.9554117901101273
47.61 3.9554117901101273
52.241 4.057152425510958
52.311 4.057152425510958
56.372 3.885784776902887
56.415 3.885784776902887
60.987 4.020934980191098
61.113 4.020934980191098
65.404 4.063292828685259
65.51 4.063292828685259
69.526 4.062471301913206
69.61 4.062471301913206
73.896 4.085528275862068
74.011 4.085528275862068
78.361 4.102508780732563
78.601 4.102508780732563
82.587 4.017988056959118
82.714 4.017988056959118
87.068 4.048521153846154
87.114 4.048521153846154
91.274 4.095897413977346
91.309 4.095897413977346
95.988 4.033849143441575
96.113 4.033849143441575
100.024 4.039960255500355
100.113 4.039960255500355
104.34 3.8311838902412036
104.41 3.8311838902412036
108.929 3.9890382255781027
109.013 3.9890382255781027
113.251 4.081428978622328
113.315 4.081428978622328
117.525 4.050044362292051
117.802 4.050044362292051
122.13 3.9856400871459696
122.211 3.9856400871459696
126.801 4.239333180252584
126.913 4.239333180252584
131.268 3.5665593678519443
131.31 3.5665593678519443
136.119 3.305950113378685
136.216 3.305950113378685
137.98 4.05656185845489
138.011 4.05656185845489
139.862 4.052017837235228
139.913 4.052017837235228
141.707 3.63152
141.813 3.63152
143.863 3.6413573700954402
143.914 3.6413573700954402
145.8 4.069498759305211
145.91 4.069498759305211
147.925 4.074753720595296
148.013 4.074753720595296
152.179 4.0356481018413275
152.212 4.0356481018413275
156.611 3.921476355247982
156.713 3.921476355247982
161.048 3.9112182807399347
161.114 3.9112182807399347
165.709 4.080395318595579
165.813 4.080395318595579
169.658 4.048871770784405
169.713 4.048871770784405
173.971 4.099093638313081
174.014 4.099093638313081
