0.0 3.0683713080168777
0.015 3.0683713080168777
0.489 3.073185185185185
0.612 3.073185185185185
1.017 3.0307732181425484
1.116 3.0307732181425484
2.042 3.034563492063492
2.117 3.034563492063492
3.125 3.0345511520737327
3.215 3.0345511520737327
4.3 3.2563333333333335
4.418 3.2563333333333335
6.386 2.652552178689125
6.51 2.652552178689125
9.241 1.2505742924528302
9.335 1.2505742924528302
16.119 2.38972469352014
16.241 2.38972469352014
19.096 3.326252957233849
19.212 3.326252957233849
21.41 3.36852688172043
21.516 3.36852688172043
23.748 3.471818353831599
23.815 3.471818353831599
25.929 3.209664406779661
26.014 3.209664406779661
28.374 2.8145390359809914
28.605 2.8145390359809914
31.551 3.613550302363936
31.613 3.613550302363936
33.432 4.425562580313544
33.512 4.425562580313544
37.403 4.439532719340765
37.509 4.439532719340765
41.635 4.491847328244274
41.71 4.491847328244274
45.378 4.549502688860435
45.41 4.549502688860435
49.315 4.552462269129288
49.408 4.552462269129288
53.198 4.46217774131802
53.309 4.46217774131802
56.966 4.416984271943177
57.01 4.416984271943177
60.952 4.428618988288063
61.01 4.428618988288063
65.023 4.571596309756779
65.302 4.571596309756779
68.879 4.571288215312254
68.908 4.571288215312254
72.735 4.396201513965022
72.809 4.396201513965022
76.64 4.2362298850574716
76.709 4.2362298850574716
81.233 4.236408163265306
81.31 4.236408163265306
85.034 4.200962361623616
85.109 4.200962361623616
89.174 4.1889958867650625
89.21 4.1889958867650625
93.343 4.392191218498311
93.41 4.392191218498311
97.259 4.441151718790386
97.311 4.441151718790386
101.18 4.379958020989505
101.4 4.379958020989505
105.402 4.295395163183846
105.509 4.295395163183846
109.768 4.2865790573485025
109.81 4.2865790573485025
114.117 4.262322067594433
114.211 4.262322067594433
118.235 3.732259538274605
118.31 3.732259538274605
122.425 3.482614230691263
122.514 3.482614230691263
127.447 3.951611111111111
127.515 3.951611111111111
131.835 4.4068172484599595
131.909 4.4068172484599595
135.805 4.368797720797721
135.911 4.368797720797721
139.772 4.153176806083651
140.001 4.153176806083651
144.209 4.122249635745508
144.311 4.122249635745508
148.429 4.014657620985979
148.511 4.014657620985979
152.933 4.136155717761556
153.012 4.136155717761556
157.122 4.305713464302826
157.212 4.305713464302826
161.386 4.331617890668139
161.509 4.331617890668139
165.131 4.366792299898683
165.21 4.366792299898683
169.158 4.374242562929062
169.211 4.374242562929062
