0.0 0.5848041817450744
0.074 0.5848041817450744
2.561 0.5912779097387173
2.684 0.5912779097387173
4.789 0.5898028465998946
4.976 0.5898028465998946
6.873 0.5907154394299288
6.975 0.5907154394299288
9.08 0.5524021968736798
9.182 0.5524021968736798
11.549 0.39996516231195567
11.689 0.39996516231195567
14.215 0.3672836178496556
14.463 0.3672836178496556
17.802 0.4208145234493192
18.038 0.4208145234493192
21.343 0.4782546608488695
21.494 0.4782546608488695
24.015 0.47967241379310344
24.216 0.47967241379310344
26.536 0.4582875605815832
26.72 0.4582875605815832
29.196 0.6120450759431652
29.569 0.6120450759431652
31.61 0.5428315745040102
31.788 0.5428315745040102
34.157 0.39812945354565243
34.323 0.39812945354565243
43.052 0.49183845478489907
43.238 0.49183845478489907
45.516 0.6160935412026726
45.682 0.6160935412026726
47.478 0.42134695664866445
47.579 0.42134695664866445
54.43 0.4331157440690151
54.639 0.4331157440690151
57.421 0.5013535430087154
57.642 0.5013535430087154
60.281 0.4261397326852977
60.394 0.4261397326852977
66.978 0.359466514676546
67.273 0.359466514676546
70.782 0.305541142303969
70.984 0.305541142303969
75.116 0.3852573443008226
75.34 0.3852573443008226
78.744 0.5138740083994401
78.893 0.5138740083994401
81.036 0.39872926187508656
81.185 0.39872926187508656
88.406 0.3279637816245006
88.658 0.3279637816245006
92.413 0.3586906581217648
92.711 0.3586906581217648
96.768 0.3905314009661836
96.917 0.3905314009661836
99.194 0.41683853459972864
99.447 0.41683853459972864
102.395 0.4850414971521562
102.757 0.4850414971521562
105.215 0.5356530841121495
105.408 0.5356530841121495
110.758 0.5752986301369862
110.884 0.5752986301369862
113.074 0.6105390012381345
113.347 0.6105390012381345
118.193 0.6936615384615386
118.374 0.6936615384615386
120.259 0.5887530275229358
120.37 0.5887530275229358
125.82 0.7762815533980583
125.982 0.7762815533980583
127.63 0.8488142762723067
127.754 0.8488142762723067
130.78 0.47650057113846933
130.879 0.47650057113846933
146.637 0.2783482875060299
147.001 0.2783482875060299
151.147 0.42265868263473055
151.322 0.42265868263473055
154.161 0.4556366435719784
154.322 0.4556366435719784
156.92 0.45164143704220444
157.108 0.45164143704220444
159.975 0.4370504138449962
160.11 0.4370504138449962
162.768 0.39783434343434343
162.909 0.39783434343434343
166.374 0.35675600760031295
166.529 0.35675600760031295
175.476 0.36111449520586575
175.675 0.36111449520586575
179.221 0.43038184663536777
179.415 0.43038184663536777
181.971 0.43140619307832423
182.276 0.43140619307832423
184.472 0.3825212947189097
184.64 0.3825212947189097
