0.0 3.4061077283372363
0.011 3.4061077283372363
0.438 3.4193406593406594
0.516 3.4193406593406594
0.88 3.369142857142857
0.915 3.369142857142857
1.748 3.372480705622933
1.812 3.372480705622933
2.719 3.3699979529170934
2.815 3.3699979529170934
3.792 3.3552167539267015
3.919 3.3552167539267015
5.829 3.298779599271403
5.913 3.298779599271403
8.109 3.0138174067495562
8.218 3.0138174067495562
11.033 2.458694976076555
11.119 2.458694976076555
17.807 1.9780699874615297
17.932 1.9780699874615297
26.705 2.462676711431379
26.815 2.462676711431379
29.868 3.4376693208430917
29.911 3.4376693208430917
32.046 3.6824540593096744
32.113 3.6824540593096744
34.17 3.680262760763427
34.403 3.680262760763427
36.656 4.555126819126819
36.709 4.555126819126819
38.152 4.544836923076923
38.208 4.544836923076923
39.833 4.254938908246226
40.101 4.254938908246226
44.406 3.728467073998642
44.51 3.728467073998642
48.929 3.7727347632193675
49.014 3.7727347632193675
53.723 4.425194152346756
53.81 4.425194152346756
57.709 6.447326748320822
57.805 6.447326748320822
60.336 7.910836892321672
60.405 7.910836892321672
62.606 7.842916151809356
62.706 7.842916151809356
64.972 7.210141093474427
65.005 7.210141093474427
67.273 4.748729641693811
67.306 4.748729641693811
70.99 7.145459482392872
71.298 7.145459482392872
73.655 2.5353491202540015
73.709 2.5353491202540015
81.268 2.963814390381364
81.322 2.963814390381364
86.645 6.280585509378447
86.707 6.280585509378447
89.426 7.6776585365853665
89.505 7.6776585365853665
91.76 7.722952946550937
91.804 7.722952946550937
93.993 7.623254658385093
94.104 7.623254658385093
96.358 7.045254019292605
96.402 7.045254019292605
98.89 5.296493341053851
99.006 5.296493341053851
102.46 1.7369739392228807
102.701 1.7369739392228807
113.33 1.5647827752942252
113.435 1.5647827752942252
124.396 3.0191169648122664
124.526 3.0191169648122664
129.613 3.1784895467160035
129.71 3.1784895467160035
135.115 2.915122950819672
135.215 2.915122950819672
141.071 7.045121050471892
141.104 7.045121050471892
143.541 6.263619754920163
143.606 6.263619754920163
146.299 6.480002966258806
146.405 6.480002966258806
149.102 7.977172932330827
149.204 7.977172932330827
151.332 7.84828293545535
151.599 7.84828293545535
153.861 6.82989152269988
153.905 6.82989152269988
156.394 4.168881466017166
156.509 4.168881466017166
160.82 3.5153753080887293
160.914 3.5153753080887293
165.377 4.459414381789964
165.41 4.459414381789964
169.276 6.938453720508167
169.307 6.938453720508167
