0.0 3.239216035634744
0.014 3.239216035634744
0.463 3.249712793733681
0.516 3.249712793733681
0.899 3.200109464082098
1.019 3.200109464082098
1.896 3.1829760665972944
2.015 3.1829760665972944
2.976 3.177002433090024
3.012 3.177002433090024
4.656 3.1867051218299354
4.715 3.1867051218299354
6.726 2.663279411764706
6.814 2.663279411764706
9.534 1.7849560277719336
9.616 1.7849560277719336
14.369 2.182554062699936
14.422 2.182554062699936
17.548 2.128414556040757
17.616 2.128414556040757
21.051 2.022203335126412
21.118 2.022203335126412
24.836 2.1397737609329446
24.924 2.1397737609329446
28.354 3.4044080898876405
28.41 3.4044080898876405
30.635 1.5650494526236316
30.906 1.5650494526236316
36.204 1.441141854856391
36.338 1.441141854856391
40.899 2.6594742527907815
41.015 2.6594742527907815
43.792 2.102662316476346
43.912 2.102662316476346
47.59 1.819181514762516
47.722 1.819181514762516
51.617 2.9243760177646188
51.712 2.9243760177646188
54.414 3.3591090909090906
54.51 3.3591090909090906
56.71 3.7981001064962725
56.811 3.7981001064962725
58.689 1.6476601983613628
58.821 1.6476601983613628
63.459 3.0097971239797903
63.706 3.0097971239797903
66.279 3.0118001722652883
66.312 3.0118001722652883
68.634 3.012078825995807
68.71 3.012078825995807
71.095 3.3231744277821624
71.214 3.3231744277821624
76.282 3.623502363395727
76.409 3.623502363395727
81.698 3.4185014084507044
81.815 3.4185014084507044
86.43 3.2758319585651257
86.509 3.2758319585651257
91.722 3.186072874493927
91.816 3.186072874493927
97.25 3.03619683908046
97.317 3.03619683908046
102.885 3.1574450569643515
103.01 3.1574450569643515
108.452 3.902179875333927
108.511 3.902179875333927
113.003 3.660281712685074
113.302 3.660281712685074
118.3 3.162435080507023
118.412 3.162435080507023
124.25 3.145925165077036
124.31 3.145925165077036
129.762 2.065391070467993
129.821 2.065391070467993
137.257 2.0713644137931033
137.323 2.0713644137931033
140.948 2.0728029654975764
141.021 2.0728029654975764
144.528 2.0071760582367215
144.618 2.0071760582367215
148.327 1.5878843930635838
148.423 1.5878843930635838
152.748 2.2037194302606826
152.818 2.2037194302606826
156.539 2.198462015503876
156.618 2.198462015503876
159.843 2.293722696496909
159.917 2.293722696496909
163.314 2.675951168468783
163.416 2.675951168468783
166.283 1.1164575813556914
166.506 1.1164575813556914
173.543 2.7292977412731005
173.625 2.7292977412731005
176.06 2.8727025880356387
176.114 2.8727025880356387
178.471 3.4195574589578874
178.511 3.4195574589578874
