0.0 4.768550819672131
0.009 4.768550819672131
0.314 4.805559845559846
0.409 4.805559845559846
0.668 4.761089361702127
0.706 4.761089361702127
0.941 4.705907692307693
1.01 4.705907692307693
1.66 4.638536412078152
1.712 4.638536412078152
2.838 4.199517693315858
2.911 4.199517693315858
4.437 3.9770230414746544
4.513 3.9770230414746544
8.853 3.3872020706230357
8.912 3.3872020706230357
14.321 4.168251457541191
14.411 4.168251457541191
18.356 2.970490927764464
18.412 2.970490927764464
24.254 2.8783605363350437
24.318 2.8783605363350437
30.359 2.809356271922499
30.414 2.809356271922499
36.401 2.9016956410910018
36.515 2.9016956410910018
40.438 2.9093445614035085
40.703 2.9093445614035085
43.553 3.0629301025163094
43.611 3.0629301025163094
45.757 3.0746711074104915
45.814 3.0746711074104915
48.216 3.074986878727634
48.312 3.074986878727634
50.827 3.0941973799126634
50.915 3.0941973799126634
53.205 3.1368257244938467
53.314 3.1368257244938467
55.833 3.1380212314225053
55.91 3.1380212314225053
58.265 3.2976569579288024
58.313 3.2976569579288024
60.476 3.602945780292315
60.512 3.602945780292315
62.633 3.068378453038674
62.712 3.068378453038674
68.504 3.9981907090464546
68.61 3.9981907090464546
72.7 3.19881513987932
72.81 3.19881513987932
78.279 2.762317205182877
78.317 2.762317205182877
84.414 4.3241660649819496
84.513 4.3241660649819496
88.945 3.943110222444389
89.007 3.943110222444389
93.008 3.335334375
93.113 3.335334375
98.233 4.667867349689944
98.308 4.667867349689944
102.017 5.220983323038913
102.3 5.220983323038913
105.538 5.303338271604938
105.606 5.303338271604938
108.846 4.808941563786008
108.907 4.808941563786008
112.552 4.300443817583451
112.612 4.300443817583451
116.866 2.4121107917428795
116.912 2.4121107917428795
124.566 1.2076029007956064
124.627 1.2076029007956064
138.83 1.9651966335118594
138.922 1.9651966335118594
140.229 1.970381471389646
140.32 1.970381471389646
141.788 2.4251730769230773
141.824 2.4251730769230773
143.072 3.820831295843521
143.112 3.820831295843521
143.93 2.8776852791878174
144.011 2.8776852791878174
145.587 2.1359833289919252
145.621 2.1359833289919252
149.46 2.444841379310345
149.517 2.444841379310345
152.417 2.9237433395872423
152.515 2.9237433395872423
155.18 2.981714729887291
155.214 2.981714729887291
157.787 4.988261587301587
157.809 4.988261587301587
159.384 4.979092351634402
159.408 4.979092351634402
162.559 4.9526274059178395
162.61 4.9526274059178395
166.091 4.704374077112387
166.208 4.704374077112387
