0.0 2.4039801652892563
0.018 2.4039801652892563
0.623 2.42147859922179
0.724 2.42147859922179
1.238 2.3670507772020724
1.324 2.3670507772020724
3.254 2.609649772806711
3.319 2.609649772806711
6.18 3.037711238095238
6.213 3.037711238095238
8.838 2.670193333333333
8.916 2.670193333333333
11.316 3.6531114473020674
11.417 3.6531114473020674
13.4 4.034187351402758
13.512 4.034187351402758
15.615 3.3055542635658917
15.71 3.3055542635658917
17.774 5.321036390101892
17.812 5.321036390101892
19.186 7.418163822525598
19.309 7.418163822525598
21.653 4.02768582375479
21.705 4.02768582375479
25.881 2.868501135994807
26.014 2.868501135994807
32.176 3.6788617623282134
32.316 3.6788617623282134
37.264 3.85375738650012
37.31 3.85375738650012
41.473 3.76719842485233
41.512 3.76719842485233
46.083 5.266679700977574
46.207 5.266679700977574
49.685 5.29267459042724
49.809 5.29267459042724
52.922 4.902264900662251
53.199 4.902264900662251
56.823 4.202102289332683
56.91 4.202102289332683
61.016 4.806534315169367
61.112 4.806534315169367
64.507 6.315470438882844
64.608 6.315470438882844
67.365 5.935887775551102
67.408 5.935887775551102
70.402 5.002324869990822
70.511 5.002324869990822
73.78 4.445824650571792
73.91 4.445824650571792
77.845 3.332379897111199
77.914 3.332379897111199
82.968 3.368137785588752
83.014 3.368137785588752
88.704 4.572864927536232
89.001 4.572864927536232
92.451 3.7548179419525067
92.512 3.7548179419525067
97.06 3.5638369699464802
97.112 3.5638369699464802
101.97 4.051172777378385
102.012 4.051172777378385
106.185 4.154452611218568
106.31 4.154452611218568
110.446 4.666824281150159
110.51 4.666824281150159
114.266 4.545115031055901
114.309 4.545115031055901
118.334 4.389514027579648
118.413 4.389514027579648
122.619 4.4080143921870985
122.714 4.4080143921870985
126.605 4.423458525345622
126.901 4.423458525345622
130.373 4.288501248127808
130.509 4.288501248127808
134.515 3.841350135013501
134.612 3.841350135013501
139.056 3.846093189964158
139.113 3.846093189964158
143.577 5.33964165875277
143.61 5.33964165875277
146.769 5.336356641221374
146.814 5.336356641221374
150.089 5.602450165016502
150.212 5.602450165016502
153.242 5.641187162376867
153.31 5.641187162376867
156.457 4.223503105590062
156.51 4.223503105590062
160.535 3.9937884444444443
160.801 3.9937884444444443
165.301 3.870034533793784
165.413 3.870034533793784
169.467 3.8158689685701637
169.513 3.8158689685701637
174.031 3.7249964274114973
174.114 3.7249964274114973
