0.0 4.588037854889589
0.009 4.588037854889589
0.326 4.644179104477612
0.408 4.644179104477612
0.676 4.548615883306321
0.711 4.548615883306321
1.328 4.5179227340267465
1.408 4.5179227340267465
4.1 4.55917209834191
4.21 4.55917209834191
5.959 4.600476669059583
6.005 4.600476669059583
7.398 3.321200692707331
7.51 3.321200692707331
12.707 4.633630753667172
12.81 4.633630753667172
16.764 4.609966918979535
16.813 4.609966918979535
20.38 4.607968135953266
20.51 4.607968135953266
24.276 4.669220193340494
24.408 4.669220193340494
28.132 4.480451784762919
28.208 4.480451784762919
31.962 4.543882776349615
32.011 4.543882776349615
35.901 4.610690982776089
36.009 4.610690982776089
39.957 4.5281377363815976
40.197 4.5281377363815976
43.74 4.54469886513592
43.812 4.54469886513592
47.601 4.546416480516258
47.709 4.546416480516258
51.738 4.565280133000831
51.812 4.565280133000831
55.421 4.671524585853273
55.51 4.671524585853273
59.313 4.613324064171123
59.41 4.613324064171123
63.15 4.560699832308552
63.212 4.560699832308552
66.79 4.527236609464379
66.907 4.527236609464379
70.753 4.540635666836995
70.809 4.540635666836995
74.723 4.558851407861723
75.0 4.558851407861723
78.587 4.739723652126795
78.71 4.739723652126795
82.401 5.529168745896257
82.51 5.529168745896257
85.556 5.524561545113865
85.605 5.524561545113865
89.074 5.529752541184719
89.208 5.529752541184719
92.061 5.5229340232859
92.108 5.5229340232859
95.2 5.4002245789145356
95.308 5.4002245789145356
98.514 4.778276992651215
98.61 4.778276992651215
102.148 4.649030303030303
102.212 4.649030303030303
105.908 4.538734334541688
106.2 4.538734334541688
110.062 4.450033568474823
110.107 4.450033568474823
114.218 4.458414875633904
114.311 4.458414875633904
118.452 4.3487789046653145
118.51 4.3487789046653145
122.454 4.449086906141368
122.508 4.449086906141368
125.96 4.499668936616029
126.009 4.499668936616029
129.827 4.640108725197065
129.909 4.640108725197065
133.588 3.7348183597998696
133.709 3.7348183597998696
138.306 4.30963924374042
138.411 4.30963924374042
142.325 3.69483467230444
142.602 3.69483467230444
147.332 3.781560258409445
147.414 3.781560258409445
151.903 4.609923656193197
152.012 4.609923656193197
155.863 4.5648764769065515
155.911 4.5648764769065515
159.635 4.651151138716356
159.709 4.651151138716356
163.573 4.670771062816314
163.613 4.670771062816314
166.972 4.609651336898396
167.01 4.609651336898396
170.75 4.589541416566627
170.811 4.589541416566627
