0.0 2.4361943048576213
0.017 2.4361943048576213
0.614 2.4597628458498026
0.724 2.4597628458498026
1.23 2.459024175824176
1.319 2.459024175824176
1.774 2.462289108910891
1.819 2.462289108910891
2.324 2.401522975929978
2.419 2.401522975929978
3.79 2.408291619691845
3.924 2.408291619691845
6.585 4.132413006274957
6.613 4.132413006274957
8.366 2.036949819927971
8.407 2.036949819927971
12.572 3.8677233560090705
12.616 3.8677233560090705
14.38 2.563500701262272
14.405 2.563500701262272
17.257 1.803010071942446
17.322 1.803010071942446
21.492 1.1605667299177735
21.617 1.1605667299177735
27.941 3.0299232000000003
28.012 3.0299232000000003
30.512 2.3141590845660063
30.805 2.3141590845660063
34.388 3.637547315993359
34.512 3.637547315993359
36.319 3.634527559055118
36.41 3.634527559055118
38.442 3.334882276843467
38.509 3.334882276843467
40.828 0.6937595688239505
40.967 0.6937595688239505
64.716 0.642146843459331
64.881 0.642146843459331
69.934 0.6952794571252314
70.082 0.6952794571252314
71.703 0.7094308211473566
71.874 0.7094308211473566
73.652 0.7132745762711864
73.772 0.7132745762711864
75.542 0.7425911664779162
75.67 0.7425911664779162
77.436 0.7618836565096953
77.561 0.7618836565096953
81.171 0.6260543596434007
81.264 0.6260543596434007
85.863 0.6981049519586106
85.999 0.6981049519586106
92.764 0.7207568103021298
92.863 0.7207568103021298
94.882 0.7300821018062398
95.135 0.7300821018062398
96.353 0.6209398686205154
96.471 0.6209398686205154
98.45 0.6139196704428425
98.588 0.6139196704428425
100.53 0.7286407322654462
100.699 0.7286407322654462
104.632 0.7323521609878803
104.758 0.7323521609878803
109.131 0.7068017200191113
109.262 0.7068017200191113
113.448 0.44277999731867546
113.571 0.44277999731867546
121.03 0.29135337124289196
121.279 0.29135337124289196
126.203 0.28160070438036544
126.495 0.28160070438036544
131.038 0.4987588820464235
131.413 0.4987588820464235
133.524 0.7811716535433071
133.669 0.7811716535433071
134.939 0.6556793760831889
135.239 0.6556793760831889
139.855 0.36321208599651367
140.051 0.36321208599651367
148.656 0.493021241149521
148.806 0.493021241149521
151.207 0.48825641025641026
151.406 0.48825641025641026
154.058 0.49370165745856354
154.208 0.49370165745856354
156.561 0.5724651162790698
156.711 0.5724651162790698
159.119 0.6258548009367682
159.274 0.6258548009367682
161.409 0.6571614518147685
161.584 0.6571614518147685
166.378 0.6769671641791044
166.477 0.6769671641791044
172.842 0.6282281167108754
172.977 0.6282281167108754
174.485 0.6706950540452015
174.583 0.6706950540452015
