0.0 3.600019801980198
0.011 3.600019801980198
0.415 3.618139534883721
0.513 3.618139534883721
0.857 3.6092129032258065
0.913 3.6092129032258065
1.223 3.544426419466976
1.318 3.544426419466976
2.181 3.592131868131868
2.21 3.592131868131868
2.574 3.5347291781577495
2.614 3.5347291781577495
4.427 3.528266557645135
4.509 3.528266557645135
9.401 3.861196206533193
9.515 3.861196206533193
14.26 4.086419483101391
14.311 4.086419483101391
18.335 4.05932350877193
18.41 4.05932350877193
22.685 3.870920747996438
22.807 3.870920747996438
27.299 3.625698641948696
27.411 3.625698641948696
32.05 4.032786675792836
32.11 4.032786675792836
36.493 4.020986967086371
36.61 4.020986967086371
41.137 4.002792415169661
41.4 4.002792415169661
45.408 3.9944012990025515
45.51 3.9944012990025515
49.821 3.995095310796074
49.911 3.995095310796074
54.496 3.9961426146010184
54.61 3.9961426146010184
58.733 4.0058191657271704
58.81 4.0058191657271704
63.245 4.060680630736644
63.311 4.060680630736644
67.56 3.8206939826738466
67.608 3.8206939826738466
71.879 3.7452682297268227
71.913 3.7452682297268227
76.562 3.9440852197070573
76.612 3.9440852197070573
81.118 3.9518124697921704
81.401 3.9518124697921704
85.539 3.947274368231047
85.61 3.947274368231047
90.042 3.9599924758993654
90.111 3.9599924758993654
94.364 3.9645643359536615
94.41 3.9645643359536615
99.244 3.734055384615385
99.312 3.734055384615385
103.537 3.728583406113537
103.613 3.728583406113537
108.193 3.901108607480847
108.312 3.901108607480847
112.75 3.914527731092437
112.812 3.914527731092437
114.597 3.9644984423676015
114.714 3.9644984423676015
116.64 4.020724588302101
116.709 4.020724588302101
118.47 4.014848279205041
118.511 4.014848279205041
120.574 4.016017454545454
120.614 4.016017454545454
121.989 3.819694486595852
122.109 3.819694486595852
124.086 3.738266666666667
124.112 3.738266666666667
125.672 3.73148045178106
125.712 3.73148045178106
130.316 2.705381933438986
130.411 2.705381933438986
136.721 2.7317358790771675
136.816 2.7317358790771675
143.101 3.002479174083304
143.216 3.002479174083304
148.834 3.3416
148.913 3.3416
154.143 3.5174935764608373
154.213 3.5174935764608373
159.039 3.180368326764601
159.112 3.180368326764601
164.694 3.158015976221438
164.818 3.158015976221438
170.201 3.370447018447018
170.314 3.370447018447018
172.645 3.373522842639594
172.714 3.373522842639594
174.684 3.3669617105917453
174.71 3.3669617105917453
176.721 3.2746411483253586
176.814 3.2746411483253586
