0.0 1.8386953223767382
0.023 1.8386953223767382
0.814 1.854903129657228
0.926 1.854903129657228
1.597 1.861657237936772
1.729 1.861657237936772
2.33 1.8559044776119404
2.429 1.8559044776119404
3.099 1.826116472545757
3.231 1.826116472545757
5.034 2.019686101481248
5.133 2.019686101481248
8.306 3.849160467587673
8.415 3.849160467587673
10.297 3.645851310700473
10.409 3.645851310700473
12.736 4.887295128939828
12.816 4.887295128939828
14.212 5.099502791654422
14.309 5.099502791654422
17.712 5.33543295489414
17.812 5.33543295489414
21.071 6.325541933057541
21.108 6.325541933057541
23.767 6.411209285455205
23.809 6.411209285455205
26.566 4.898548977395048
26.609 4.898548977395048
30.325 6.57507868852459
30.409 6.57507868852459
32.849 6.855041401273886
32.908 6.855041401273886
35.42 5.678088034717917
35.51 5.678088034717917
38.736 6.52002216066482
39.0 6.52002216066482
41.527 6.402092972972973
41.608 6.402092972972973
44.383 5.8329384719405
44.506 5.8329384719405
47.464 4.00741257367387
47.509 4.00741257367387
51.581 3.840262902514336
51.613 3.840262902514336
56.147 3.751751741608613
56.213 3.751751741608613
60.95 3.7600827776500347
61.015 3.7600827776500347
65.364 4.545159781761496
65.412 4.545159781761496
69.261 4.19577678126557
69.311 4.19577678126557
73.325 4.941904074265085
73.603 4.941904074265085
77.481 4.707962996120561
77.609 4.707962996120561
80.96 4.5200931709899415
81.014 4.5200931709899415
84.792 4.693174301978856
84.913 4.693174301978856
88.602 5.041915896212347
88.71 5.041915896212347
92.063 4.036367394879023
92.114 4.036367394879023
96.371 3.4579980272243045
96.416 3.4579980272243045
101.485 5.792934768841039
101.609 5.792934768841039
104.767 4.001364542696142
104.811 4.001364542696142
109.425 3.2682134146341464
109.706 3.2682134146341464
114.954 3.197636477201749
115.017 3.197636477201749
119.82 3.504638106895145
119.916 3.504638106895145
124.818 4.355947945904568
124.912 4.355947945904568
128.831 4.537251585623679
128.912 4.537251585623679
132.696 4.703828220858895
132.812 4.703828220858895
136.398 4.899514437903
136.511 4.899514437903
140.078 4.616650530323634
140.11 4.616650530323634
143.787 4.375848163667735
143.913 4.375848163667735
147.97 4.342171136653896
148.203 4.342171136653896
152.118 4.046847106507543
152.213 4.046847106507543
156.654 4.175970188980569
156.717 4.175970188980569
160.474 4.215182396088019
160.512 4.215182396088019
164.602 4.252600667408231
164.713 4.252600667408231
