0.0 1.0976664150943396
0.033 1.0976664150943396
1.358 1.1083170080142475
1.446 1.1083170080142475
2.569 1.0866812559467174
2.657 1.0866812559467174
6.861 1.1072626892252895
6.937 1.1072626892252895
8.06 1.0987697478991598
8.137 1.0987697478991598
9.327 1.0856859676577988
9.438 1.0856859676577988
13.272 1.018433853507662
13.349 1.018433853507662
20.462 0.8830952430519413
20.56 0.8830952430519413
30.167 1.1061284403669724
30.242 1.1061284403669724
31.332 1.1117282717282717
31.442 1.1117282717282717
32.443 1.109208211143695
32.542 1.109208211143695
33.565 1.1025454545454545
33.82 1.1025454545454545
34.953 1.1468675324675326
35.052 1.1468675324675326
37.747 1.1079144842330304
37.841 1.1079144842330304
45.325 1.206728107214981
45.62 1.206728107214981
51.067 1.2873208994247864
51.129 1.2873208994247864
56.866 1.0039714396988186
56.942 1.0039714396988186
64.645 0.9100664652567976
64.75 0.9100664652567976
66.074 0.9068348183687457
66.156 0.9068348183687457
67.615 0.9067160096540627
67.75 0.9067160096540627
68.993 0.9055046661880833
69.332 0.9055046661880833
70.725 0.972978102189781
70.846 0.972978102189781
74.134 0.9786374429223744
74.246 0.9786374429223744
77.531 0.9761864879955332
77.826 0.9761864879955332
84.99 1.0433998547567176
85.147 1.0433998547567176
92.032 0.9729467042556048
92.14 0.9729467042556048
99.589 0.9021748295102294
99.748 0.9021748295102294
101.361 0.9139157245632066
101.454 0.9139157245632066
102.427 0.9459892224788299
102.548 0.9459892224788299
103.847 0.965952366596322
104.122 0.965952366596322
107.439 0.9735867354047653
107.55 0.9735867354047653
114.727 0.9979903280616912
114.845 0.9979903280616912
122.496 0.9997876306128212
122.83 0.9997876306128212
129.912 1.0089135802469136
130.041 1.0089135802469136
131.337 1.018909090909091
131.444 1.018909090909091
132.852 1.0145218080888183
132.946 1.0145218080888183
134.207 1.0272000000000001
134.349 1.0272000000000001
135.374 1.0312014260249556
135.446 1.0312014260249556
138.251 1.0523699582753825
138.524 1.0523699582753825
141.4 0.9987410786155084
141.547 0.9987410786155084
149.001 0.7706014362657091
149.17 0.7706014362657091
158.082 0.782390332326284
158.333 0.782390332326284
159.988 0.8485609934258583
160.158 0.8485609934258583
161.527 1.0128552534900808
161.647 1.0128552534900808
163.008 1.0153495440729483
163.152 1.0153495440729483
164.468 0.9662417906776534
164.553 0.9662417906776534
172.684 0.9183142185988669
172.749 0.9183142185988669
179.986 1.0362656871747782
180.144 1.0362656871747782
186.678 1.04351993029841
186.744 1.04351993029841
