0.0 1.5261364113326337
0.031 1.5261364113326337
0.984 1.5384919653893696
1.032 1.5384919653893696
1.841 1.5347818930041153
1.928 1.5347818930041153
2.657 1.538930693069307
2.73 1.538930693069307
3.538 1.5292818713450291
3.627 1.5292818713450291
4.482 1.5160690065437241
4.537 1.5160690065437241
6.218 1.5110530262453132
6.328 1.5110530262453132
8.195 0.4700479804975345
8.339 0.4700479804975345
26.388 0.33612489545581264
26.693 0.33612489545581264
30.28 0.50698861047836
30.416 0.50698861047836
32.611 0.5058938921087829
32.804 0.5058938921087829
35.047 0.5024875301689461
35.371 0.5024875301689461
37.857 0.5011566640685893
38.003 0.5011566640685893
40.569 0.7016624390243902
40.713 0.7016624390243902
42.763 0.8025845272206303
42.869 0.8025845272206303
44.265 0.7808400852878464
44.369 0.7808400852878464
48.121 0.7155433012583271
48.264 0.7155433012583271
59.072 0.7356092796092796
59.169 0.7356092796092796
60.807 0.6447719298245614
60.972 0.6447719298245614
63.024 0.450999599839936
63.209 0.450999599839936
65.708 0.45129445438282645
66.052 0.45129445438282645
68.847 0.5698525115781973
69.006 0.5698525115781973
74.62 1.3703406478578892
74.733 1.3703406478578892
75.69 1.2998109640831759
76.017 1.2998109640831759
78.133 0.9101492461674903
78.428 0.9101492461674903
86.321 0.8491482132396017
86.448 0.8491482132396017
94.983 0.7331022670025189
95.064 0.7331022670025189
97.049 0.6036931432450781
97.166 0.6036931432450781
98.639 0.5774624060150376
98.786 0.5774624060150376
100.914 0.9796483155299918
101.252 0.9796483155299918
102.469 1.0194749199573105
102.552 1.0194749199573105
105.363 0.9366996197718631
105.446 0.9366996197718631
108.865 1.0545436498984886
108.979 1.0545436498984886
113.412 0.935256549232159
113.723 0.935256549232159
122.579 0.7901265698103915
122.668 0.7901265698103915
126.729 0.7950975761342448
126.865 0.7950975761342448
128.474 0.7904504504504505
128.565 0.7904504504504505
129.897 0.7830213101815311
130.069 0.7830213101815311
131.336 0.9172643533123029
131.475 0.9172643533123029
139.4 1.3786325925925926
139.532 1.3786325925925926
144.932 1.7851832596828696
145.035 1.7851832596828696
148.882 1.8460243133723548
148.926 1.8460243133723548
153.368 1.9023450496377785
153.616 1.9023450496377785
157.343 2.039731937172775
157.428 2.039731937172775
161.248 2.1526240179573515
161.32 2.1526240179573515
164.884 2.3223505764114694
164.918 2.3223505764114694
168.301 2.340084507042253
168.427 2.340084507042253
171.267 2.3841408450704225
171.325 2.3841408450704225
174.165 2.3438356164383563
174.224 2.3438356164383563
