0.0 2.6933481481481483
0.017 2.6933481481481483
0.557 2.7057391304347824
0.623 2.7057391304347824
1.083 2.6576666666666666
1.119 2.6576666666666666
2.175 2.6575499565595133
2.22 2.6575499565595133
3.371 2.657375302663438
3.42 2.657375302663438
4.659 2.648125619834711
4.717 2.648125619834711
7.137 2.4539701897018973
7.218 2.4539701897018973
10.17 2.745597411003236
10.215 2.745597411003236
13.305 2.582386071158213
13.422 2.582386071158213
16.064 2.6527953555878083
16.114 2.6527953555878083
18.87 2.6097021867407153
18.915 2.6097021867407153
21.796 2.7022916053019146
21.921 2.7022916053019146
24.637 2.793070796460177
24.712 2.793070796460177
27.424 2.7293061224489796
27.706 2.7293061224489796
30.744 2.4453303571428573
30.812 2.4453303571428573
33.5 2.4719873672121735
33.623 2.4719873672121735
40.589 2.5377545026323083
40.723 2.5377545026323083
47.941 2.6707887826227914
48.016 2.6707887826227914
54.185 2.619552934237688
54.317 2.619552934237688
61.099 2.716926470588235
61.223 2.716926470588235
63.943 2.4741005896635446
64.02 2.4741005896635446
66.903 2.446957412744156
67.017 2.446957412744156
70.14 2.643074402730375
70.407 2.643074402730375
73.337 2.6390188679245283
73.42 2.6390188679245283
76.07 2.6498738472888235
76.122 2.6498738472888235
78.833 2.6635354649026093
78.921 2.6635354649026093
81.642 2.601266082754455
81.717 2.601266082754455
85.028 2.792622467771639
85.118 2.792622467771639
87.29 2.7883855249014693
87.42 2.7883855249014693
90.211 2.575548663807324
90.315 2.575548663807324
93.346 2.6916147919876736
93.414 2.6916147919876736
96.01 2.5524087938205584
96.119 2.5524087938205584
102.851 2.5433244341265238
102.921 2.5433244341265238
109.813 2.7082291635825313
109.922 2.7082291635825313
116.677 2.6109879790694386
116.723 2.6109879790694386
123.794 2.6403300492610837
123.921 2.6403300492610837
130.417 2.6423633892161305
130.523 2.6423633892161305
132.73 2.6495045871559633
132.815 2.6495045871559633
135.649 2.735912683477606
135.719 2.735912683477606
138.376 2.56888060731539
138.417 2.56888060731539
141.315 2.443551724137931
141.42 2.443551724137931
143.276 2.581876574307305
143.324 2.581876574307305
146.5 2.6259407407407407
146.623 2.6259407407407407
149.323 2.4494737503929582
149.419 2.4494737503929582
152.6 2.407264512080326
152.906 2.407264512080326
156.093 2.5903435542367292
156.216 2.5903435542367292
159.249 2.749623500206868
159.317 2.749623500206868
161.734 2.4929896907216493
161.824 2.4929896907216493
164.54 2.4758656330749353
164.62 2.4758656330749353
