0.0 6.2961385281385285
0.007 6.2961385281385285
0.238 6.2201169590643275
0.307 6.2201169590643275
0.82 6.236657777777777
0.905 6.236657777777777
1.355 6.204543610547668
1.405 6.204543610547668
1.898 6.17933171912833
2.006 6.17933171912833
4.897 6.181058495821727
5.006 6.181058495821727
7.519 4.840235558048233
7.606 4.840235558048233
11.172 6.311187047881502
11.206 6.311187047881502
14.109 7.484639053254439
14.205 7.484639053254439
16.402 6.285261861644331
16.503 6.285261861644331
19.264 5.449130680037606
19.304 5.449130680037606
22.495 4.849946943483276
22.609 4.849946943483276
26.077 5.993795863004409
26.3 5.993795863004409
29.249 5.324073705761919
29.305 5.324073705761919
32.724 4.667789351178353
32.809 4.667789351178353
36.246 5.623730894839974
36.309 5.623730894839974
39.371 5.251580275229357
39.406 5.251580275229357
42.894 4.123147147147147
43.011 4.123147147147147
47.007 4.306862545454545
47.11 4.306862545454545
51.235 4.428601642710472
51.309 4.428601642710472
55.205 5.074062189054726
55.309 5.074062189054726
58.525 4.989040687679083
58.802 4.989040687679083
62.292 3.862648989350141
62.41 3.862648989350141
67.011 4.138850923816755
67.112 4.138850923816755
71.063 4.332421991084695
71.109 4.332421991084695
75.147 3.604847602739726
75.211 3.604847602739726
79.883 3.6118929513758014
80.013 3.6118929513758014
85.319 3.881029274292743
85.409 3.881029274292743
89.474 4.610397408207343
89.512 4.610397408207343
93.216 5.786470588235294
93.305 5.786470588235294
96.297 3.7065433019074763
96.6 3.7065433019074763
101.161 3.737832499456167
101.212 3.737832499456167
105.809 4.168511771700357
105.912 4.168511771700357
110.117 4.076222816399286
110.209 4.076222816399286
114.697 4.030189041693953
114.811 4.030189041693953
119.392 4.900452571428571
119.512 4.900452571428571
123.012 5.0206760379208895
123.109 5.0206760379208895
126.168 5.3105829984544055
126.207 5.3105829984544055
129.442 4.676975342465754
129.507 4.676975342465754
133.157 3.6008724832214765
133.404 3.6008724832214765
138.172 4.1131255791270425
138.214 4.1131255791270425
142.315 4.4424422979156075
142.411 4.4424422979156075
146.345 3.922232902033272
146.411 3.922232902033272
150.739 3.89230782723087
150.814 3.89230782723087
155.375 4.107175646291375
155.409 4.107175646291375
159.548 3.9559867928681487
159.61 3.9559867928681487
164.153 3.8108136992956037
164.211 3.8108136992956037
168.328 3.669667092379736
168.414 3.669667092379736
173.112 3.523583410138249
173.404 3.523583410138249
