0.0 7.382781725888325
0.005 7.382781725888325
0.202 7.318623853211009
0.31 7.318623853211009
0.746 7.308583333333333
0.805 7.308583333333333
1.189 7.300334128878282
1.306 7.300334128878282
1.725 7.273798045602606
1.806 7.273798045602606
4.262 7.272003745318353
4.305 7.272003745318353
6.441 7.267486315789474
6.505 7.267486315789474
8.88 7.273273521238587
8.904 7.273273521238587
11.423 4.7429339486587825
11.502 4.7429339486587825
14.969 3.977448544579418
15.009 3.977448544579418
19.372 2.7404532702915683
19.419 2.7404532702915683
25.764 2.160515863840719
25.815 2.160515863840719
33.6 4.089704766311893
33.901 4.089704766311893
38.223 4.088725965858042
38.314 4.088725965858042
42.766 4.289623529411765
42.809 4.289623529411765
46.549 4.223660534706893
46.611 4.223660534706893
50.688 4.098794361154621
50.81 4.098794361154621
55.279 4.162732693279434
55.31 4.162732693279434
59.268 4.035849159472967
59.31 4.035849159472967
63.712 3.904465263634306
63.815 3.904465263634306
68.234 4.088745677774994
68.311 4.088745677774994
72.302 4.1436820561637315
72.601 4.1436820561637315
76.803 3.997311740890688
76.911 3.997311740890688
81.357 4.111792808649736
81.412 4.111792808649736
85.389 4.118248587570622
85.511 4.118248587570622
89.759 4.230557146445617
89.809 4.230557146445617
93.79 3.9951436314363145
93.911 3.9951436314363145
98.708 3.884852006894853
98.815 3.884852006894853
102.876 4.094200911052505
102.909 4.094200911052505
107.08 4.083283018867925
107.111 4.083283018867925
111.351 4.266921756688541
111.603 4.266921756688541
115.565 4.118604026845637
115.61 4.118604026845637
119.782 4.064129840018548
119.909 4.064129840018548
124.222 4.088169792694965
124.314 4.088169792694965
126.34 4.081774241670811
126.411 4.081774241670811
128.422 4.0490809651474535
128.511 4.0490809651474535
130.376 4.020483769633508
130.412 4.020483769633508
134.232 3.9071494200591315
134.313 3.9071494200591315
138.71 4.063546774577482
138.814 4.063546774577482
143.015 4.126161980293199
143.301 4.126161980293199
147.462 4.086956521739131
147.515 4.086956521739131
150.137 4.069498759305211
150.401 4.069498759305211
152.416 4.026144236229415
152.513 4.026144236229415
154.274 4.077357831878732
154.31 4.077357831878732
158.664 4.130126336248785
158.71 4.130126336248785
162.826 4.008933303591345
162.913 4.008933303591345
167.396 4.000285568587455
167.512 4.000285568587455
171.434 4.030885199906477
171.511 4.030885199906477
175.788 4.061354107648725
176.103 4.061354107648725
