0.0 4.880563758389262
0.008 4.880563758389262
0.306 4.919525691699605
0.409 4.919525691699605
0.662 4.805643835616438
0.709 4.805643835616438
1.293 4.809496855345912
1.407 4.809496855345912
2.043 4.797829121540313
2.11 4.797829121540313
3.772 4.789700894233734
3.81 4.789700894233734
7.053 4.790530113794061
7.108 4.790530113794061
10.711 4.786148380355277
10.807 4.786148380355277
14.635 4.7635434530706835
14.708 4.7635434530706835
18.16 4.62392965627498
18.208 4.62392965627498
21.961 4.810007192254495
22.008 4.810007192254495
25.623 4.844359447004608
25.707 4.844359447004608
29.179 4.817580812210411
29.207 4.817580812210411
32.876 4.806709268550304
33.1 4.806709268550304
36.887 4.811995200959808
37.008 4.811995200959808
40.342 4.8019698828778585
40.41 4.8019698828778585
43.996 4.800186582809224
44.108 4.800186582809224
47.924 4.784
48.011 4.784
51.455 4.778323830016137
51.509 4.778323830016137
55.227 4.703880043620502
55.308 4.703880043620502
58.976 4.654359383913292
59.009 4.654359383913292
62.515 4.671787496646096
62.608 4.671787496646096
66.335 4.7633470919324585
66.601 4.7633470919324585
70.332 4.767521865889213
70.407 4.767521865889213
73.837 4.702774193548387
73.909 4.702774193548387
77.629 4.701800111669459
77.708 4.701800111669459
81.29 4.781612774451098
81.408 4.781612774451098
85.416 4.78797693474962
85.508 4.78797693474962
88.803 4.776758601398601
88.908 4.776758601398601
92.483 4.776033103448276
92.608 4.776033103448276
96.233 4.785039343334277
96.308 4.785039343334277
99.841 4.787633324045695
100.1 4.787633324045695
103.689 4.807622600109709
103.808 4.807622600109709
107.454 4.821847127042699
107.509 4.821847127042699
111.303 4.80288657648283
111.408 4.80288657648283
115.252 4.772282693377853
115.307 4.772282693377853
118.901 4.777060031104199
119.009 4.777060031104199
122.224 4.789444103707834
122.309 4.789444103707834
125.896 4.792521055586749
126.008 4.792521055586749
129.57 4.754627527000831
129.608 4.754627527000831
133.219 4.7515290140845075
133.499 4.7515290140845075
137.049 4.347404975124379
137.107 4.347404975124379
141.127 4.271621540010066
141.211 4.271621540010066
145.185 4.614716922277099
145.309 4.614716922277099
149.156 4.825319330116378
149.208 4.825319330116378
152.731 4.823415995705851
152.808 4.823415995705851
156.534 4.82296956655395
156.608 4.82296956655395
159.861 4.817014808605756
159.909 4.817014808605756
163.488 4.77886
163.608 4.77886
