0.0 4.096923943661972
0.01 4.096923943661972
0.365 4.04425855513308
0.414 4.04425855513308
1.203 4.049777777777778
1.311 4.049777777777778
2.004 4.051443708609272
2.11 4.051443708609272
2.865 4.054788177339901
2.908 4.054788177339901
3.72 4.043194952681388
3.81 4.043194952681388
5.395 4.031833683718757
5.512 4.031833683718757
9.793 4.359118724720438
9.91 4.359118724720438
14.113 4.624227221597301
14.21 4.624227221597301
17.766 4.008687456687457
17.809 4.008687456687457
22.138 3.565342628665163
22.211 3.565342628665163
27.088 3.373368632170076
27.214 3.373368632170076
32.2 4.287097744360903
32.312 4.287097744360903
36.435 4.717027209121534
36.507 4.717027209121534
40.366 4.547390022675737
40.601 4.547390022675737
44.129 4.685677278911565
44.209 4.685677278911565
47.884 4.981645906989393
48.008 4.981645906989393
51.685 2.989132075471698
51.808 2.989132075471698
57.32 2.5943060747663553
57.416 2.5943060747663553
64.264 3.2895771210676834
64.315 3.2895771210676834
69.56 3.4325166175851916
69.612 3.4325166175851916
74.366 3.972564909879078
74.41 3.972564909879078
78.793 4.235473784556721
78.911 4.235473784556721
83.107 4.437611940298508
83.4 4.437611940298508
87.085 3.613782276389176
87.21 3.613782276389176
92.051 3.5233252309188137
92.114 3.5233252309188137
94.171 3.529790673575129
94.212 3.529790673575129
95.177 3.5434258373205743
95.213 3.5434258373205743
95.84 3.4581318528799443
95.918 3.4581318528799443
97.359 3.3468238932920937
97.408 3.3468238932920937
102.581 3.4409818847954408
102.615 3.4409818847954408
107.528 3.5894748276582407
107.614 3.5894748276582407
112.401 4.094508759635599
112.704 4.094508759635599
116.985 4.470695992179864
117.109 4.470695992179864
121.201 3.859982437800544
121.311 3.859982437800544
126.094 4.169077297034516
126.213 4.169077297034516
130.327 4.6554252803879965
130.41 4.6554252803879965
133.709 4.769499167129373
133.809 4.769499167129373
137.411 4.892794496990542
137.509 4.892794496990542
140.998 4.508655462184874
141.11 4.508655462184874
144.918 4.43193063583815
145.008 4.43193063583815
148.814 4.741336950623983
149.101 4.741336950623983
152.787 4.791257126728762
152.909 4.791257126728762
156.452 4.979752033660589
156.508 4.979752033660589
160.073 4.823950056753689
160.11 4.823950056753689
163.634 4.681439958322479
163.709 4.681439958322479
167.548 4.8023018059381695
167.609 4.8023018059381695
170.876 4.870083615819209
170.908 4.870083615819209
174.448 4.072892045454545
174.509 4.072892045454545
