0.0 1.6698140068886338
0.024 1.6698140068886338
0.895 1.6842219215155614
1.026 1.6842219215155614
1.765 1.679963963963964
1.829 1.679963963963964
2.495 1.6894782608695653
2.633 1.6894782608695653
3.369 1.6763282051282051
3.43 1.6763282051282051
4.21 1.663519582245431
4.332 1.663519582245431
5.864 1.7755196078431372
5.935 1.7755196078431372
10.015 1.615057300590139
10.116 1.615057300590139
15.369 1.8414747638326585
15.436 1.8414747638326585
19.141 2.1573042195337857
19.221 2.1573042195337857
22.61 1.967177394034537
22.725 1.967177394034537
26.547 2.2871374259894046
26.617 2.2871374259894046
29.826 2.1760436656133297
29.92 2.1760436656133297
33.401 2.1007428426653156
33.523 2.1007428426653156
37.47 2.4103586358635862
37.707 2.4103586358635862
40.434 2.207220561864913
40.514 2.207220561864913
43.86 2.1199539473684212
43.919 2.1199539473684212
47.567 1.8476432855280314
47.623 1.8476432855280314
51.458 2.0224376759662146
51.521 2.0224376759662146
55.428 2.969079951787867
55.521 2.969079951787867
58.01 2.4792603406326035
58.112 2.4792603406326035
60.989 2.232500146070698
61.124 2.232500146070698
64.547 3.2675983122362866
64.614 3.2675983122362866
66.984 2.3610398379473327
67.307 2.3610398379473327
70.269 2.2491571696931745
70.324 2.2491571696931745
73.518 2.274075933479762
73.616 2.274075933479762
76.803 2.285772823779193
76.921 2.285772823779193
80.689 1.9751142950179095
80.822 1.9751142950179095
83.893 1.7923500690925842
84.026 1.7923500690925842
88.368 1.8146183170618317
88.427 1.8146183170618317
92.729 1.7385996516546405
92.826 1.7385996516546405
96.845 1.7508883283650538
96.928 1.7508883283650538
101.289 2.1410631992742664
101.615 2.1410631992742664
104.922 2.9123178621659638
105.02 2.9123178621659638
107.864 2.1609439015562795
107.921 2.1609439015562795
113.447 2.983922059846903
113.527 2.983922059846903
119.275 2.5816520423600604
119.312 2.5816520423600604
125.261 3.1968247115742465
125.318 3.1968247115742465
130.692 2.8671414175344307
130.811 2.8671414175344307
136.765 2.2233825433825434
136.822 2.2233825433825434
144.544 2.199039385206532
144.621 2.199039385206532
147.744 2.171045803547789
148.01 2.171045803547789
151.787 1.8045405955713922
151.924 1.8045405955713922
155.853 1.6068830686739535
155.924 1.6068830686739535
160.773 1.5179960427384251
160.831 1.5179960427384251
165.885 1.970038114343029
165.932 1.970038114343029
169.92 2.494684684684685
170.013 2.494684684684685
172.677 2.1536132315521628
172.728 2.1536132315521628
175.872 2.053493356193742
175.925 2.053493356193742
