0.0 3.0111966873706004
0.016 3.0111966873706004
0.499 3.0136561743341406
0.612 3.0136561743341406
1.025 3.0321300813008127
1.11 3.0321300813008127
1.479 2.966055222088835
1.519 2.966055222088835
3.185 2.9742439024390244
3.321 2.9742439024390244
4.428 2.95866297322253
4.516 2.95866297322253
6.682 2.8941749900119857
6.714 2.8941749900119857
9.217 2.887643294758339
9.313 2.887643294758339
12.251 3.5739465688842325
12.312 3.5739465688842325
14.221 3.6537251374312847
14.311 3.6537251374312847
16.312 3.612001661819692
16.415 3.612001661819692
21.229 3.4816013247774786
21.314 3.4816013247774786
26.145 3.199801593048516
26.212 3.199801593048516
31.736 3.74778834671608
31.81 3.74778834671608
36.667 4.109424180327869
36.713 4.109424180327869
40.617 3.500683878837162
40.714 3.500683878837162
45.633 3.9064858178716144
45.708 3.9064858178716144
50.397 4.15957990406463
50.508 4.15957990406463
54.469 4.057973503883051
54.701 4.057973503883051
59.079 3.7249205526770295
59.124 3.7249205526770295
63.756 4.310138404648706
63.809 4.310138404648706
67.595 3.828441512752858
67.711 3.828441512752858
72.259 3.6019554114308874
72.314 3.6019554114308874
77.248 3.5564593301435408
77.314 3.5564593301435408
81.912 3.5122103995181693
82.013 3.5122103995181693
86.994 3.6273633426663796
87.112 3.6273633426663796
91.755 4.4331954661114965
91.809 4.4331954661114965
96.132 4.426594837261504
96.399 4.426594837261504
99.963 4.2511605675877515
100.01 4.2511605675877515
104.027 4.249661266568483
104.108 4.249661266568483
108.182 4.03281106870229
108.31 4.03281106870229
112.502 3.97106910099376
112.613 3.97106910099376
116.94 4.161584045584045
117.011 4.161584045584045
121.223 4.282323970037454
121.311 4.282323970037454
125.583 4.279623551228559
125.709 4.279623551228559
130.023 4.283612387612387
130.108 4.283612387612387
134.112 3.9623962848297216
134.4 3.9623962848297216
138.276 3.4946574450772987
138.315 3.4946574450772987
143.231 3.5066666666666664
143.314 3.5066666666666664
145.387 3.500054536906441
145.511 3.500054536906441
147.638 4.442173350582148
147.71 4.442173350582148
149.256 4.4348512709572745
149.308 4.4348512709572745
151.157 4.429912317327766
151.211 4.429912317327766
155.043 3.9206749116607775
155.111 3.9206749116607775
159.639 3.650332832295469
159.714 3.650332832295469
164.371 3.619747834843907
164.605 3.619747834843907
169.57 3.6008997016295616
169.613 3.6008997016295616
173.97 3.6211081705524046
174.013 3.6211081705524046
178.774 3.6926155827430778
178.814 3.6926155827430778
